-500.000000 -500.000000 -150.000000 1.565950 0.500000
-425.000000 -500.000000 -150.000000 0.889718 0.500000
-350.000000 -500.000000 -150.000000 -0.694178 0.500000
-275.000000 -500.000000 -150.000000 -1.630146 0.500000
-200.000000 -500.000000 -150.000000 -2.152909 0.500000
-125.000000 -500.000000 -150.000000 -2.235524 0.500000
-50.000000 -500.000000 -150.000000 -2.470982 0.500000
25.000000 -500.000000 -150.000000 -2.934594 0.500000
100.000000 -500.000000 -150.000000 -1.674266 0.500000
175.000000 -500.000000 -150.000000 -2.157565 0.500000
250.000000 -500.000000 -150.000000 -0.973785 0.500000
325.000000 -500.000000 -150.000000 -0.770955 0.500000
400.000000 -500.000000 -150.000000 -0.547692 0.500000
475.000000 -500.000000 -150.000000 0.308118 0.500000
550.000000 -500.000000 -150.000000 0.329634 0.500000
-500.000000 -425.000000 -150.000000 1.067608 0.500000
-425.000000 -425.000000 -150.000000 0.239953 0.500000
-350.000000 -425.000000 -150.000000 -0.029934 0.500000
-275.000000 -425.000000 -150.000000 -0.643046 0.500000
-200.000000 -425.000000 -150.000000 -1.662123 0.500000
-125.000000 -425.000000 -150.000000 -2.744309 0.500000
-50.000000 -425.000000 -150.000000 -4.105666 0.500000
25.000000 -425.000000 -150.000000 -4.493996 0.500000
100.000000 -425.000000 -150.000000 -4.392517 0.500000
175.000000 -425.000000 -150.000000 -1.906227 0.500000
250.000000 -425.000000 -150.000000 -1.546261 0.500000
325.000000 -425.000000 -150.000000 -0.748505 0.500000
400.000000 -425.000000 -150.000000 0.511115 0.500000
475.000000 -425.000000 -150.000000 0.906556 0.500000
550.000000 -425.000000 -150.000000 0.443790 0.500000
-500.000000 -350.000000 -150.000000 1.567876 0.500000
-425.000000 -350.000000 -150.000000 1.433715 0.500000
-350.000000 -350.000000 -150.000000 1.477705 0.500000
-275.000000 -350.000000 -150.000000 -1.116278 0.500000
-200.000000 -350.000000 -150.000000 -1.945622 0.500000
-125.000000 -350.000000 -150.000000 -5.377265 0.500000
-50.000000 -350.000000 -150.000000 -5.427979 0.500000
25.000000 -350.000000 -150.000000 -6.173218 0.500000
100.000000 -350.000000 -150.000000 -4.443940 0.500000
175.000000 -350.000000 -150.000000 -3.047148 0.500000
250.000000 -350.000000 -150.000000 -1.673288 0.500000
325.000000 -350.000000 -150.000000 0.963839 0.500000
400.000000 -350.000000 -150.000000 1.309957 0.500000
475.000000 -350.000000 -150.000000 1.599847 0.500000
550.000000 -350.000000 -150.000000 1.797367 0.500000
-500.000000 -275.000000 -150.000000 2.301591 0.500000
-425.000000 -275.000000 -150.000000 2.074588 0.500000
-350.000000 -275.000000 -150.000000 1.664878 0.500000
-275.000000 -275.000000 -150.000000 0.457052 0.500000
-200.000000 -275.000000 -150.000000 -3.074374 0.500000
-125.000000 -275.000000 -150.000000 -6.645582 0.500000
-50.000000 -275.000000 -150.000000 -10.591251 0.500000
25.000000 -275.000000 -150.000000 -11.047849 0.500000
100.000000 -275.000000 -150.000000 -7.582492 0.500000
175.000000 -275.000000 -150.000000 -4.216694 0.500000
250.000000 -275.000000 -150.000000 -0.920052 0.500000
325.000000 -275.000000 -150.000000 1.438835 0.500000
400.000000 -275.000000 -150.000000 2.781082 0.500000
475.000000 -275.000000 -150.000000 2.141169 0.500000
550.000000 -275.000000 -150.000000 2.011853 0.500000
-500.000000 -200.000000 -150.000000 2.352531 0.500000
-425.000000 -200.000000 -150.000000 4.201499 0.500000
-350.000000 -200.000000 -150.000000 2.972986 0.500000
-275.000000 -200.000000 -150.000000 2.339343 0.500000
-200.000000 -200.000000 -150.000000 -2.061510 0.500000
-125.000000 -200.000000 -150.000000 -8.333381 0.500000
-50.000000 -200.000000 -150.000000 -14.373119 0.500000
25.000000 -200.000000 -150.000000 -15.251607 0.500000
100.000000 -200.000000 -150.000000 -10.601497 0.500000
175.000000 -200.000000 -150.000000 -3.673832 0.500000
250.000000 -200.000000 -150.000000 1.332966 0.500000
325.000000 -200.000000 -150.000000 3.351319 0.500000
400.000000 -200.000000 -150.000000 4.116851 0.500000
475.000000 -200.000000 -150.000000 2.268341 0.500000
550.000000 -200.000000 -150.000000 1.797559 0.500000
-500.000000 -125.000000 -150.000000 3.091847 0.500000
-425.000000 -125.000000 -150.000000 4.002883 0.500000
-350.000000 -125.000000 -150.000000 4.801437 0.500000
-275.000000 -125.000000 -150.000000 4.252707 0.500000
-200.000000 -125.000000 -150.000000 0.331170 0.500000
-125.000000 -125.000000 -150.000000 -10.675552 0.500000
-50.000000 -125.000000 -150.000000 -20.609088 0.500000
25.000000 -125.000000 -150.000000 -22.859970 0.500000
100.000000 -125.000000 -150.000000 -13.053058 0.500000
175.000000 -125.000000 -150.000000 -3.120400 0.500000
250.000000 -125.000000 -150.000000 4.217941 0.500000
325.000000 -125.000000 -150.000000 5.368857 0.500000
400.000000 -125.000000 -150.000000 5.034073 0.500000
475.000000 -125.000000 -150.000000 3.271888 0.500000
550.000000 -125.000000 -150.000000 2.862602 0.500000
-500.000000 -50.000000 -150.000000 4.365309 0.500000
-425.000000 -50.000000 -150.000000 6.209443 0.500000
-350.000000 -50.000000 -150.000000 5.806118 0.500000
-275.000000 -50.000000 -150.000000 6.697471 0.500000
-200.000000 -50.000000 -150.000000 1.207574 0.500000
-125.000000 -50.000000 -150.000000 -10.876981 0.500000
-50.000000 -50.000000 -150.000000 -26.110107 0.500000
25.000000 -50.000000 -150.000000 -28.828478 0.500000
100.000000 -50.000000 -150.000000 -17.084699 0.500000
175.000000 -50.000000 -150.000000 -1.208721 0.500000
250.000000 -50.000000 -150.000000 5.518411 0.500000
325.000000 -50.000000 -150.000000 6.363338 0.500000
400.000000 -50.000000 -150.000000 4.689124 0.500000
475.000000 -50.000000 -150.000000 5.286090 0.500000
550.000000 -50.000000 -150.000000 3.626052 0.500000
-500.000000 25.000000 -150.000000 4.469784 0.500000
-425.000000 25.000000 -150.000000 7.007646 0.500000
-350.000000 25.000000 -150.000000 6.928640 0.500000
-275.000000 25.000000 -150.000000 6.508202 0.500000
-200.000000 25.000000 -150.000000 1.595823 0.500000
-125.000000 25.000000 -150.000000 -10.847994 0.500000
-50.000000 25.000000 -150.000000 -26.618940 0.500000
25.000000 25.000000 -150.000000 -30.612265 0.500000
100.000000 25.000000 -150.000000 -16.672543 0.500000
175.000000 25.000000 -150.000000 -1.711753 0.500000
250.000000 25.000000 -150.000000 6.165443 0.500000
325.000000 25.000000 -150.000000 6.680224 0.500000
400.000000 25.000000 -150.000000 5.531586 0.500000
475.000000 25.000000 -150.000000 5.177917 0.500000
550.000000 25.000000 -150.000000 3.588537 0.500000
-500.000000 100.000000 -150.000000 3.386790 0.500000
-425.000000 100.000000 -150.000000 4.474796 0.500000
-350.000000 100.000000 -150.000000 5.726003 0.500000
-275.000000 100.000000 -150.000000 4.371569 0.500000
-200.000000 100.000000 -150.000000 0.830985 0.500000
-125.000000 100.000000 -150.000000 -10.066712 0.500000
-50.000000 100.000000 -150.000000 -22.790790 0.500000
25.000000 100.000000 -150.000000 -24.472369 0.500000
100.000000 100.000000 -150.000000 -15.355616 0.500000
175.000000 100.000000 -150.000000 -2.477956 0.500000
250.000000 100.000000 -150.000000 4.273552 0.500000
325.000000 100.000000 -150.000000 6.050197 0.500000
400.000000 100.000000 -150.000000 5.596582 0.500000
475.000000 100.000000 -150.000000 4.286143 0.500000
550.000000 100.000000 -150.000000 2.809761 0.500000
-500.000000 175.000000 -150.000000 3.841842 0.500000
-425.000000 175.000000 -150.000000 2.993086 0.500000
-350.000000 175.000000 -150.000000 3.802670 0.500000
-275.000000 175.000000 -150.000000 3.291492 0.500000
-200.000000 175.000000 -150.000000 -1.914799 0.500000
-125.000000 175.000000 -150.000000 -8.310416 0.500000
-50.000000 175.000000 -150.000000 -16.080635 0.500000
25.000000 175.000000 -150.000000 -17.666032 0.500000
100.000000 175.000000 -150.000000 -11.894546 0.500000
175.000000 175.000000 -150.000000 -3.815738 0.500000
250.000000 175.000000 -150.000000 1.529355 0.500000
325.000000 175.000000 -150.000000 3.300871 0.500000
400.000000 175.000000 -150.000000 2.809565 0.500000
475.000000 175.000000 -150.000000 3.704439 0.500000
550.000000 175.000000 -150.000000 3.076982 0.500000
-500.000000 250.000000 -150.000000 1.998881 0.500000
-425.000000 250.000000 -150.000000 2.420847 0.500000
-350.000000 250.000000 -150.000000 1.773438 0.500000
-275.000000 250.000000 -150.000000 0.070035 0.500000
-200.000000 250.000000 -150.000000 -2.408720 0.500000
-125.000000 250.000000 -150.000000 -6.795999 0.500000
-50.000000 250.000000 -150.000000 -10.697930 0.500000
25.000000 250.000000 -150.000000 -11.182704 0.500000
100.000000 250.000000 -150.000000 -9.095279 0.500000
175.000000 250.000000 -150.000000 -3.609002 0.500000
250.000000 250.000000 -150.000000 0.645977 0.500000
325.000000 250.000000 -150.000000 0.725516 0.500000
400.000000 250.000000 -150.000000 2.790821 0.500000
475.000000 250.000000 -150.000000 2.490696 0.500000
550.000000 250.000000 -150.000000 1.884452 0.500000
-500.000000 325.000000 -150.000000 1.852398 0.500000
-425.000000 325.000000 -150.000000 2.290174 0.500000
-350.000000 325.000000 -150.000000 1.276314 0.500000
-275.000000 325.000000 -150.000000 0.042652 0.500000
-200.000000 325.000000 -150.000000 -2.685242 0.500000
-125.000000 325.000000 -150.000000 -4.762452 0.500000
-50.000000 325.000000 -150.000000 -7.376704 0.500000
25.000000 325.000000 -150.000000 -8.291466 0.500000
100.000000 325.000000 -150.000000 -6.412297 0.500000
175.000000 325.000000 -150.000000 -3.701507 0.500000
250.000000 325.000000 -150.000000 -1.339100 0.500000
325.000000 325.000000 -150.000000 0.507433 0.500000
400.000000 325.000000 -150.000000 0.704899 0.500000
475.000000 325.000000 -150.000000 1.602735 0.500000
550.000000 325.000000 -150.000000 1.841472 0.500000
-500.000000 400.000000 -150.000000 0.352274 0.500000
-425.000000 400.000000 -150.000000 0.710260 0.500000
-350.000000 400.000000 -150.000000 0.303349 0.500000
-275.000000 400.000000 -150.000000 -1.830103 0.500000
-200.000000 400.000000 -150.000000 -1.870099 0.500000
-125.000000 400.000000 -150.000000 -3.684091 0.500000
-50.000000 400.000000 -150.000000 -5.529337 0.500000
25.000000 400.000000 -150.000000 -5.124300 0.500000
100.000000 400.000000 -150.000000 -3.954387 0.500000
175.000000 400.000000 -150.000000 -2.827352 0.500000
250.000000 400.000000 -150.000000 -1.357042 0.500000
325.000000 400.000000 -150.000000 0.149193 0.500000
400.000000 400.000000 -150.000000 0.472740 0.500000
475.000000 400.000000 -150.000000 0.323868 0.500000
550.000000 400.000000 -150.000000 1.640128 0.500000
-500.000000 475.000000 -150.000000 -0.363402 0.500000
-425.000000 475.000000 -150.000000 -0.907057 0.500000
-350.000000 475.000000 -150.000000 -0.912434 0.500000
-275.000000 475.000000 -150.000000 -1.397321 0.500000
-200.000000 475.000000 -150.000000 -1.697739 0.500000
-125.000000 475.000000 -150.000000 -2.691529 0.500000
-50.000000 475.000000 -150.000000 -2.526553 0.500000
25.000000 475.000000 -150.000000 -2.777232 0.500000
100.000000 475.000000 -150.000000 -2.795668 0.500000
175.000000 475.000000 -150.000000 -2.113654 0.500000
250.000000 475.000000 -150.000000 -1.645104 0.500000
325.000000 475.000000 -150.000000 -0.970210 0.500000
400.000000 475.000000 -150.000000 -0.746435 0.500000
475.000000 475.000000 -150.000000 0.097083 0.500000
550.000000 475.000000 -150.000000 1.018627 0.500000
-500.000000 550.000000 -150.000000 0.982252 0.500000
-425.000000 550.000000 -150.000000 0.159929 0.500000
-350.000000 550.000000 -150.000000 0.012573 0.500000
-275.000000 550.000000 -150.000000 -0.577729 0.500000
-200.000000 550.000000 -150.000000 0.209121 0.500000
-125.000000 550.000000 -150.000000 -2.010415 0.500000
-50.000000 550.000000 -150.000000 -2.030289 0.500000
25.000000 550.000000 -150.000000 -1.679895 0.500000
100.000000 550.000000 -150.000000 -1.403636 0.500000
175.000000 550.000000 -150.000000 -1.732809 0.500000
250.000000 550.000000 -150.000000 -0.691457 0.500000
325.000000 550.000000 -150.000000 -1.053925 0.500000
400.000000 550.000000 -150.000000 -0.014447 0.500000
475.000000 550.000000 -150.000000 0.718376 0.500000
550.000000 550.000000 -150.000000 1.373964 0.500000
