-500.000000 -500.000000 -150.000000 0.942200 0.500000
-425.000000 -500.000000 -150.000000 2.277272 0.500000
-350.000000 -500.000000 -150.000000 2.082218 0.500000
-275.000000 -500.000000 -150.000000 2.513364 0.500000
-200.000000 -500.000000 -150.000000 2.214869 0.500000
-125.000000 -500.000000 -150.000000 1.857593 0.500000
-50.000000 -500.000000 -150.000000 0.494525 0.500000
25.000000 -500.000000 -150.000000 -0.101845 0.500000
100.000000 -500.000000 -150.000000 -1.910931 0.500000
175.000000 -500.000000 -150.000000 -2.357866 0.500000
250.000000 -500.000000 -150.000000 -2.643214 0.500000
325.000000 -500.000000 -150.000000 -2.753302 0.500000
400.000000 -500.000000 -150.000000 -2.037876 0.500000
475.000000 -500.000000 -150.000000 -1.800546 0.500000
550.000000 -500.000000 -150.000000 -1.022294 0.500000
-500.000000 -425.000000 -150.000000 2.455689 0.500000
-425.000000 -425.000000 -150.000000 1.169590 0.500000
-350.000000 -425.000000 -150.000000 2.804680 0.500000
-275.000000 -425.000000 -150.000000 3.405594 0.500000
-200.000000 -425.000000 -150.000000 3.401054 0.500000
-125.000000 -425.000000 -150.000000 1.221906 0.500000
-50.000000 -425.000000 -150.000000 1.291166 0.500000
25.000000 -425.000000 -150.000000 -0.533716 0.500000
100.000000 -425.000000 -150.000000 -1.688168 0.500000
175.000000 -425.000000 -150.000000 -3.033678 0.500000
250.000000 -425.000000 -150.000000 -3.516907 0.500000
325.000000 -425.000000 -150.000000 -3.412013 0.500000
400.000000 -425.000000 -150.000000 -2.598915 0.500000
475.000000 -425.000000 -150.000000 -2.612062 0.500000
550.000000 -425.000000 -150.000000 -1.053412 0.500000
-500.000000 -350.000000 -150.000000 1.420033 0.500000
-425.000000 -350.000000 -150.000000 2.735128 0.500000
-350.000000 -350.000000 -150.000000 3.701588 0.500000
-275.000000 -350.000000 -150.000000 4.124733 0.500000
-200.000000 -350.000000 -150.000000 4.419411 0.500000
-125.000000 -350.000000 -150.000000 3.224803 0.500000
-50.000000 -350.000000 -150.000000 0.952881 0.500000
25.000000 -350.000000 -150.000000 -1.516896 0.500000
100.000000 -350.000000 -150.000000 -2.994942 0.500000
175.000000 -350.000000 -150.000000 -5.234287 0.500000
250.000000 -350.000000 -150.000000 -4.677362 0.500000
325.000000 -350.000000 -150.000000 -3.596039 0.500000
400.000000 -350.000000 -150.000000 -2.855254 0.500000
475.000000 -350.000000 -150.000000 -2.430725 0.500000
550.000000 -350.000000 -150.000000 -1.282118 0.500000
-500.000000 -275.000000 -150.000000 2.798848 0.500000
-425.000000 -275.000000 -150.000000 2.994523 0.500000
-350.000000 -275.000000 -150.000000 4.516250 0.500000
-275.000000 -275.000000 -150.000000 6.590630 0.500000
-200.000000 -275.000000 -150.000000 6.509264 0.500000
-125.000000 -275.000000 -150.000000 6.801305 0.500000
-50.000000 -275.000000 -150.000000 3.602972 0.500000
25.000000 -275.000000 -150.000000 -0.651801 0.500000
100.000000 -275.000000 -150.000000 -4.694557 0.500000
175.000000 -275.000000 -150.000000 -6.725543 0.500000
250.000000 -275.000000 -150.000000 -5.642087 0.500000
325.000000 -275.000000 -150.000000 -4.589768 0.500000
400.000000 -275.000000 -150.000000 -4.261834 0.500000
475.000000 -275.000000 -150.000000 -2.533956 0.500000
550.000000 -275.000000 -150.000000 -1.778102 0.500000
-500.000000 -200.000000 -150.000000 1.317797 0.500000
-425.000000 -200.000000 -150.000000 2.623304 0.500000
-350.000000 -200.000000 -150.000000 4.868960 0.500000
-275.000000 -200.000000 -150.000000 6.403487 0.500000
-200.000000 -200.000000 -150.000000 8.750782 0.500000
-125.000000 -200.000000 -150.000000 8.385045 0.500000
-50.000000 -200.000000 -150.000000 4.712050 0.500000
25.000000 -200.000000 -150.000000 -1.654989 0.500000
100.000000 -200.000000 -150.000000 -7.282661 0.500000
175.000000 -200.000000 -150.000000 -8.792356 0.500000
250.000000 -200.000000 -150.000000 -7.423390 0.500000
325.000000 -200.000000 -150.000000 -6.396263 0.500000
400.000000 -200.000000 -150.000000 -3.499529 0.500000
475.000000 -200.000000 -150.000000 -1.890747 0.500000
550.000000 -200.000000 -150.000000 -1.654681 0.500000
-500.000000 -125.000000 -150.000000 1.223781 0.500000
-425.000000 -125.000000 -150.000000 1.790328 0.500000
-350.000000 -125.000000 -150.000000 4.177738 0.500000
-275.000000 -125.000000 -150.000000 6.297288 0.500000
-200.000000 -125.000000 -150.000000 8.453075 0.500000
-125.000000 -125.000000 -150.000000 9.883088 0.500000
-50.000000 -125.000000 -150.000000 5.321320 0.500000
25.000000 -125.000000 -150.000000 -2.927119 0.500000
100.000000 -125.000000 -150.000000 -8.501690 0.500000
175.000000 -125.000000 -150.000000 -9.477839 0.500000
250.000000 -125.000000 -150.000000 -7.006919 0.500000
325.000000 -125.000000 -150.000000 -5.311469 0.500000
400.000000 -125.000000 -150.000000 -2.874135 0.500000
475.000000 -125.000000 -150.000000 -1.710428 0.500000
550.000000 -125.000000 -150.000000 -1.233705 0.500000
-500.000000 -50.000000 -150.000000 1.936028 0.500000
-425.000000 -50.000000 -150.000000 1.071594 0.500000
-350.000000 -50.000000 -150.000000 1.498276 0.500000
-275.000000 -50.000000 -150.000000 3.110848 0.500000
-200.000000 -50.000000 -150.000000 5.128001 0.500000
-125.000000 -50.000000 -150.000000 4.645396 0.500000
-50.000000 -50.000000 -150.000000 2.431717 0.500000
25.000000 -50.000000 -150.000000 -0.974864 0.500000
100.000000 -50.000000 -150.000000 -4.366480 0.500000
175.000000 -50.000000 -150.000000 -5.484423 0.500000
250.000000 -50.000000 -150.000000 -2.704293 0.500000
325.000000 -50.000000 -150.000000 -1.968731 0.500000
400.000000 -50.000000 -150.000000 -1.234163 0.500000
475.000000 -50.000000 -150.000000 -1.249000 0.500000
550.000000 -50.000000 -150.000000 -0.297663 0.500000
-500.000000 25.000000 -150.000000 -0.132219 0.500000
-425.000000 25.000000 -150.000000 -0.600916 0.500000
-350.000000 25.000000 -150.000000 -0.636422 0.500000
-275.000000 25.000000 -150.000000 -1.324994 0.500000
-200.000000 25.000000 -150.000000 -1.931044 0.500000
-125.000000 25.000000 -150.000000 -3.426220 0.500000
-50.000000 25.000000 -150.000000 -1.339769 0.500000
25.000000 25.000000 -150.000000 1.490307 0.500000
100.000000 25.000000 -150.000000 2.277515 0.500000
175.000000 25.000000 -150.000000 2.865474 0.500000
250.000000 25.000000 -150.000000 2.034157 0.500000
325.000000 25.000000 -150.000000 0.983942 0.500000
400.000000 25.000000 -150.000000 0.716603 0.500000
475.000000 25.000000 -150.000000 1.050320 0.500000
550.000000 25.000000 -150.000000 0.363145 0.500000
-500.000000 100.000000 -150.000000 -2.485141 0.500000
-425.000000 100.000000 -150.000000 -2.591257 0.500000
-350.000000 100.000000 -150.000000 -3.441511 0.500000
-275.000000 100.000000 -150.000000 -4.992497 0.500000
-200.000000 100.000000 -150.000000 -6.900778 0.500000
-125.000000 100.000000 -150.000000 -7.276690 0.500000
-50.000000 100.000000 -150.000000 -4.798767 0.500000
25.000000 100.000000 -150.000000 1.735004 0.500000
100.000000 100.000000 -150.000000 7.231710 0.500000
175.000000 100.000000 -150.000000 7.287012 0.500000
250.000000 100.000000 -150.000000 5.095739 0.500000
325.000000 100.000000 -150.000000 3.976537 0.500000
400.000000 100.000000 -150.000000 1.826902 0.500000
475.000000 100.000000 -150.000000 2.310630 0.500000
550.000000 100.000000 -150.000000 0.716635 0.500000
-500.000000 175.000000 -150.000000 -2.145522 0.500000
-425.000000 175.000000 -150.000000 -2.517843 0.500000
-350.000000 175.000000 -150.000000 -4.270660 0.500000
-275.000000 175.000000 -150.000000 -5.960608 0.500000
-200.000000 175.000000 -150.000000 -9.407171 0.500000
-125.000000 175.000000 -150.000000 -9.012979 0.500000
-50.000000 175.000000 -150.000000 -4.835987 0.500000
25.000000 175.000000 -150.000000 3.353336 0.500000
100.000000 175.000000 -150.000000 8.155953 0.500000
175.000000 175.000000 -150.000000 9.041501 0.500000
250.000000 175.000000 -150.000000 7.772270 0.500000
325.000000 175.000000 -150.000000 5.594987 0.500000
400.000000 175.000000 -150.000000 4.760911 0.500000
475.000000 175.000000 -150.000000 2.191589 0.500000
550.000000 175.000000 -150.000000 2.611146 0.500000
-500.000000 250.000000 -150.000000 -2.544868 0.500000
-425.000000 250.000000 -150.000000 -3.784885 0.500000
-350.000000 250.000000 -150.000000 -4.419087 0.500000
-275.000000 250.000000 -150.000000 -5.824836 0.500000
-200.000000 250.000000 -150.000000 -6.278842 0.500000
-125.000000 250.000000 -150.000000 -6.313989 0.500000
-50.000000 250.000000 -150.000000 -3.357872 0.500000
25.000000 250.000000 -150.000000 2.032274 0.500000
100.000000 250.000000 -150.000000 5.542530 0.500000
175.000000 250.000000 -150.000000 7.867141 0.500000
250.000000 250.000000 -150.000000 6.516990 0.500000
325.000000 250.000000 -150.000000 4.938245 0.500000
400.000000 250.000000 -150.000000 3.501167 0.500000
475.000000 250.000000 -150.000000 3.008223 0.500000
550.000000 250.000000 -150.000000 1.815257 0.500000
-500.000000 325.000000 -150.000000 -2.493898 0.500000
-425.000000 325.000000 -150.000000 -2.550347 0.500000
-350.000000 325.000000 -150.000000 -3.743141 0.500000
-275.000000 325.000000 -150.000000 -4.121763 0.500000
-200.000000 325.000000 -150.000000 -4.954690 0.500000
-125.000000 325.000000 -150.000000 -4.104157 0.500000
-50.000000 325.000000 -150.000000 -2.424447 0.500000
25.000000 325.000000 -150.000000 2.093429 0.500000
100.000000 325.000000 -150.000000 3.342369 0.500000
175.000000 325.000000 -150.000000 5.265650 0.500000
250.000000 325.000000 -150.000000 4.890604 0.500000
325.000000 325.000000 -150.000000 4.848002 0.500000
400.000000 325.000000 -150.000000 3.093464 0.500000
475.000000 325.000000 -150.000000 1.732057 0.500000
550.000000 325.000000 -150.000000 1.450980 0.500000
-500.000000 400.000000 -150.000000 -2.584638 0.500000
-425.000000 400.000000 -150.000000 -3.574473 0.500000
-350.000000 400.000000 -150.000000 -3.265146 0.500000
-275.000000 400.000000 -150.000000 -3.883929 0.500000
-200.000000 400.000000 -150.000000 -3.805295 0.500000
-125.000000 400.000000 -150.000000 -3.273798 0.500000
-50.000000 400.000000 -150.000000 -1.738346 0.500000
25.000000 400.000000 -150.000000 0.984156 0.500000
100.000000 400.000000 -150.000000 2.261684 0.500000
175.000000 400.000000 -150.000000 3.617383 0.500000
250.000000 400.000000 -150.000000 3.292709 0.500000
325.000000 400.000000 -150.000000 4.647798 0.500000
400.000000 400.000000 -150.000000 3.616172 0.500000
475.000000 400.000000 -150.000000 2.562021 0.500000
550.000000 400.000000 -150.000000 2.312491 0.500000
-500.000000 475.000000 -150.000000 -1.622504 0.500000
-425.000000 475.000000 -150.000000 -2.461745 0.500000
-350.000000 475.000000 -150.000000 -2.715969 0.500000
-275.000000 475.000000 -150.000000 -1.902798 0.500000
-200.000000 475.000000 -150.000000 -2.032946 0.500000
-125.000000 475.000000 -150.000000 -1.775333 0.500000
-50.000000 475.000000 -150.000000 -1.043764 0.500000
25.000000 475.000000 -150.000000 0.752953 0.500000
100.000000 475.000000 -150.000000 1.772371 0.500000
175.000000 475.000000 -150.000000 1.526425 0.500000
250.000000 475.000000 -150.000000 2.744528 0.500000
325.000000 475.000000 -150.000000 2.064594 0.500000
400.000000 475.000000 -150.000000 1.155756 0.500000
475.000000 475.000000 -150.000000 2.342572 0.500000
550.000000 475.000000 -150.000000 2.127503 0.500000
-500.000000 550.000000 -150.000000 -1.841038 0.500000
-425.000000 550.000000 -150.000000 -1.626994 0.500000
-350.000000 550.000000 -150.000000 -1.772421 0.500000
-275.000000 550.000000 -150.000000 -1.446763 0.500000
-200.000000 550.000000 -150.000000 -2.428264 0.500000
-125.000000 550.000000 -150.000000 -0.979282 0.500000
-50.000000 550.000000 -150.000000 -0.682167 0.500000
25.000000 550.000000 -150.000000 0.198882 0.500000
100.000000 550.000000 -150.000000 1.342628 0.500000
175.000000 550.000000 -150.000000 2.200679 0.500000
250.000000 550.000000 -150.000000 2.404382 0.500000
325.000000 550.000000 -150.000000 2.132847 0.500000
400.000000 550.000000 -150.000000 1.788211 0.500000
475.000000 550.000000 -150.000000 1.910641 0.500000
550.000000 550.000000 -150.000000 0.888159 0.500000
