-500.000000 -500.000000 -150.000000 1.040877 0.500000
-425.000000 -500.000000 -150.000000 0.294861 0.500000
-350.000000 -500.000000 -150.000000 1.005202 0.500000
-275.000000 -500.000000 -150.000000 0.412429 0.500000
-200.000000 -500.000000 -150.000000 1.473156 0.500000
-125.000000 -500.000000 -150.000000 0.297794 0.500000
-50.000000 -500.000000 -150.000000 -0.034995 0.500000
25.000000 -500.000000 -150.000000 -0.397316 0.500000
100.000000 -500.000000 -150.000000 -0.347925 0.500000
175.000000 -500.000000 -150.000000 -1.223164 0.500000
250.000000 -500.000000 -150.000000 -1.560067 0.500000
325.000000 -500.000000 -150.000000 -2.052844 0.500000
400.000000 -500.000000 -150.000000 -0.998134 0.500000
475.000000 -500.000000 -150.000000 -0.647294 0.500000
550.000000 -500.000000 -150.000000 -0.833169 0.500000
-500.000000 -425.000000 -150.000000 1.182011 0.500000
-425.000000 -425.000000 -150.000000 1.298552 0.500000
-350.000000 -425.000000 -150.000000 2.904020 0.500000
-275.000000 -425.000000 -150.000000 2.361125 0.500000
-200.000000 -425.000000 -150.000000 1.614715 0.500000
-125.000000 -425.000000 -150.000000 1.830137 0.500000
-50.000000 -425.000000 -150.000000 0.393379 0.500000
25.000000 -425.000000 -150.000000 -0.366269 0.500000
100.000000 -425.000000 -150.000000 -1.906638 0.500000
175.000000 -425.000000 -150.000000 -2.596506 0.500000
250.000000 -425.000000 -150.000000 -0.609407 0.500000
325.000000 -425.000000 -150.000000 -2.040042 0.500000
400.000000 -425.000000 -150.000000 -2.260910 0.500000
475.000000 -425.000000 -150.000000 -1.150838 0.500000
550.000000 -425.000000 -150.000000 -1.425952 0.500000
-500.000000 -350.000000 -150.000000 0.859225 0.500000
-425.000000 -350.000000 -150.000000 2.050330 0.500000
-350.000000 -350.000000 -150.000000 2.184325 0.500000
-275.000000 -350.000000 -150.000000 3.460746 0.500000
-200.000000 -350.000000 -150.000000 2.887924 0.500000
-125.000000 -350.000000 -150.000000 2.899417 0.500000
-50.000000 -350.000000 -150.000000 0.760120 0.500000
25.000000 -350.000000 -150.000000 -1.177148 0.500000
100.000000 -350.000000 -150.000000 -1.613780 0.500000
175.000000 -350.000000 -150.000000 -3.369848 0.500000
250.000000 -350.000000 -150.000000 -3.945451 0.500000
325.000000 -350.000000 -150.000000 -2.692502 0.500000
400.000000 -350.000000 -150.000000 -1.558139 0.500000
475.000000 -350.000000 -150.000000 -1.334603 0.500000
550.000000 -350.000000 -150.000000 -0.917959 0.500000
-500.000000 -275.000000 -150.000000 2.641462 0.500000
-425.000000 -275.000000 -150.000000 2.849097 0.500000
-350.000000 -275.000000 -150.000000 2.991431 0.500000
-275.000000 -275.000000 -150.000000 4.303602 0.500000
-200.000000 -275.000000 -150.000000 5.811663 0.500000
-125.000000 -275.000000 -150.000000 4.866815 0.500000
-50.000000 -275.000000 -150.000000 2.649931 0.500000
25.000000 -275.000000 -150.000000 -2.072636 0.500000
100.000000 -275.000000 -150.000000 -4.261562 0.500000
175.000000 -275.000000 -150.000000 -5.425656 0.500000
250.000000 -275.000000 -150.000000 -5.625624 0.500000
325.000000 -275.000000 -150.000000 -4.484647 0.500000
400.000000 -275.000000 -150.000000 -3.451863 0.500000
475.000000 -275.000000 -150.000000 -2.178813 0.500000
550.000000 -275.000000 -150.000000 -0.874925 0.500000
-500.000000 -200.000000 -150.000000 2.221118 0.500000
-425.000000 -200.000000 -150.000000 4.299037 0.500000
-350.000000 -200.000000 -150.000000 5.107693 0.500000
-275.000000 -200.000000 -150.000000 8.469301 0.500000
-200.000000 -200.000000 -150.000000 8.823317 0.500000
-125.000000 -200.000000 -150.000000 9.528150 0.500000
-50.000000 -200.000000 -150.000000 6.310426 0.500000
25.000000 -200.000000 -150.000000 -3.180592 0.500000
100.000000 -200.000000 -150.000000 -9.904847 0.500000
175.000000 -200.000000 -150.000000 -10.940063 0.500000
250.000000 -200.000000 -150.000000 -9.365460 0.500000
325.000000 -200.000000 -150.000000 -7.448145 0.500000
400.000000 -200.000000 -150.000000 -4.329062 0.500000
475.000000 -200.000000 -150.000000 -2.598091 0.500000
550.000000 -200.000000 -150.000000 -2.345105 0.500000
-500.000000 -125.000000 -150.000000 2.934052 0.500000
-425.000000 -125.000000 -150.000000 4.429427 0.500000
-350.000000 -125.000000 -150.000000 7.557243 0.500000
-275.000000 -125.000000 -150.000000 11.015595 0.500000
-200.000000 -125.000000 -150.000000 17.464446 0.500000
-125.000000 -125.000000 -150.000000 18.055017 0.500000
-50.000000 -125.000000 -150.000000 10.646333 0.500000
25.000000 -125.000000 -150.000000 -5.227506 0.500000
100.000000 -125.000000 -150.000000 -17.302511 0.500000
175.000000 -125.000000 -150.000000 -18.860845 0.500000
250.000000 -125.000000 -150.000000 -13.545651 0.500000
325.000000 -125.000000 -150.000000 -7.814100 0.500000
400.000000 -125.000000 -150.000000 -6.099041 0.500000
475.000000 -125.000000 -150.000000 -3.997077 0.500000
550.000000 -125.000000 -150.000000 -2.768064 0.500000
-500.000000 -50.000000 -150.000000 4.115157 0.500000
-425.000000 -50.000000 -150.000000 5.226464 0.500000
-350.000000 -50.000000 -150.000000 9.826376 0.500000
-275.000000 -50.000000 -150.000000 14.658219 0.500000
-200.000000 -50.000000 -150.000000 23.280083 0.500000
-125.000000 -50.000000 -150.000000 25.444663 0.500000
-50.000000 -50.000000 -150.000000 15.474984 0.500000
25.000000 -50.000000 -150.000000 -8.386321 0.500000
100.000000 -50.000000 -150.000000 -24.978999 0.500000
175.000000 -50.000000 -150.000000 -24.835847 0.500000
250.000000 -50.000000 -150.000000 -17.253835 0.500000
325.000000 -50.000000 -150.000000 -11.437420 0.500000
400.000000 -50.000000 -150.000000 -7.338747 0.500000
475.000000 -50.000000 -150.000000 -4.046246 0.500000
550.000000 -50.000000 -150.000000 -3.005824 0.500000
-500.000000 25.000000 -150.000000 3.678749 0.500000
-425.000000 25.000000 -150.000000 5.620219 0.500000
-350.000000 25.000000 -150.000000 10.454420 0.500000
-275.000000 25.000000 -150.000000 15.298952 0.500000
-200.000000 25.000000 -150.000000 23.429740 0.500000
-125.000000 25.000000 -150.000000 28.783522 0.500000
-50.000000 25.000000 -150.000000 15.946753 0.500000
25.000000 25.000000 -150.000000 -8.620465 0.500000
100.000000 25.000000 -150.000000 -26.470429 0.500000
175.000000 25.000000 -150.000000 -26.309376 0.500000
250.000000 25.000000 -150.000000 -17.635225 0.500000
325.000000 25.000000 -150.000000 -10.970115 0.500000
400.000000 25.000000 -150.000000 -7.091250 0.500000
475.000000 25.000000 -150.000000 -4.077720 0.500000
550.000000 25.000000 -150.000000 -3.106531 0.500000
-500.000000 100.000000 -150.000000 4.019821 0.500000
-425.000000 100.000000 -150.000000 5.546569 0.500000
-350.000000 100.000000 -150.000000 9.152233 0.500000
-275.000000 100.000000 -150.000000 12.596237 0.500000
-200.000000 100.000000 -150.000000 19.507290 0.500000
-125.000000 100.000000 -150.000000 21.078840 0.500000
-50.000000 100.000000 -150.000000 11.679097 0.500000
25.000000 100.000000 -150.000000 -5.937715 0.500000
100.000000 100.000000 -150.000000 -19.313559 0.500000
175.000000 100.000000 -150.000000 -20.587485 0.500000
250.000000 100.000000 -150.000000 -14.586376 0.500000
325.000000 100.000000 -150.000000 -9.779207 0.500000
400.000000 100.000000 -150.000000 -6.705869 0.500000
475.000000 100.000000 -150.000000 -3.654657 0.500000
550.000000 100.000000 -150.000000 -2.326220 0.500000
-500.000000 175.000000 -150.000000 2.897102 0.500000
-425.000000 175.000000 -150.000000 4.482878 0.500000
-350.000000 175.000000 -150.000000 6.244405 0.500000
-275.000000 175.000000 -150.000000 8.446391 0.500000
-200.000000 175.000000 -150.000000 13.708277 0.500000
-125.000000 175.000000 -150.000000 13.496567 0.500000
-50.000000 175.000000 -150.000000 6.252274 0.500000
25.000000 175.000000 -150.000000 -4.038948 0.500000
100.000000 175.000000 -150.000000 -11.255601 0.500000
175.000000 175.000000 -150.000000 -12.812930 0.500000
250.000000 175.000000 -150.000000 -10.823923 0.500000
325.000000 175.000000 -150.000000 -7.790466 0.500000
400.000000 175.000000 -150.000000 -3.957302 0.500000
475.000000 175.000000 -150.000000 -3.459270 0.500000
550.000000 175.000000 -150.000000 -1.534028 0.500000
-500.000000 250.000000 -150.000000 2.459507 0.500000
-425.000000 250.000000 -150.000000 3.084841 0.500000
-350.000000 250.000000 -150.000000 4.494473 0.500000
-275.000000 250.000000 -150.000000 5.777968 0.500000
-200.000000 250.000000 -150.000000 7.253244 0.500000
-125.000000 250.000000 -150.000000 6.630103 0.500000
-50.000000 250.000000 -150.000000 3.529287 0.500000
25.000000 250.000000 -150.000000 -1.830346 0.500000
100.000000 250.000000 -150.000000 -6.018432 0.500000
175.000000 250.000000 -150.000000 -7.909522 0.500000
250.000000 250.000000 -150.000000 -5.706802 0.500000
325.000000 250.000000 -150.000000 -5.285945 0.500000
400.000000 250.000000 -150.000000 -3.934093 0.500000
475.000000 250.000000 -150.000000 -2.063198 0.500000
550.000000 250.000000 -150.000000 -1.575484 0.500000
-500.000000 325.000000 -150.000000 1.107350 0.500000
-425.000000 325.000000 -150.000000 3.140900 0.500000
-350.000000 325.000000 -150.000000 3.233398 0.500000
-275.000000 325.000000 -150.000000 4.166258 0.500000
-200.000000 325.000000 -150.000000 3.593549 0.500000
-125.000000 325.000000 -150.000000 3.571926 0.500000
-50.000000 325.000000 -150.000000 1.737420 0.500000
25.000000 325.000000 -150.000000 -1.176777 0.500000
100.000000 325.000000 -150.000000 -3.390811 0.500000
175.000000 325.000000 -150.000000 -3.464496 0.500000
250.000000 325.000000 -150.000000 -4.277446 0.500000
325.000000 325.000000 -150.000000 -3.415578 0.500000
400.000000 325.000000 -150.000000 -2.195629 0.500000
475.000000 325.000000 -150.000000 -1.132198 0.500000
550.000000 325.000000 -150.000000 -1.312435 0.500000
-500.000000 400.000000 -150.000000 1.199345 0.500000
-425.000000 400.000000 -150.000000 1.322659 0.500000
-350.000000 400.000000 -150.000000 2.483915 0.500000
-275.000000 400.000000 -150.000000 3.085123 0.500000
-200.000000 400.000000 -150.000000 2.173642 0.500000
-125.000000 400.000000 -150.000000 2.078475 0.500000
-50.000000 400.000000 -150.000000 -0.038733 0.500000
25.000000 400.000000 -150.000000 -0.478687 0.500000
100.000000 400.000000 -150.000000 -1.474443 0.500000
175.000000 400.000000 -150.000000 -1.710881 0.500000
250.000000 400.000000 -150.000000 -2.400747 0.500000
325.000000 400.000000 -150.000000 -2.179570 0.500000
400.000000 400.000000 -150.000000 -0.338753 0.500000
475.000000 400.000000 -150.000000 -1.298740 0.500000
550.000000 400.000000 -150.000000 -1.017083 0.500000
-500.000000 475.000000 -150.000000 0.104756 0.500000
-425.000000 475.000000 -150.000000 1.091779 0.500000
-350.000000 475.000000 -150.000000 1.246559 0.500000
-275.000000 475.000000 -150.000000 1.648392 0.500000
-200.000000 475.000000 -150.000000 0.878966 0.500000
-125.000000 475.000000 -150.000000 1.176602 0.500000
-50.000000 475.000000 -150.000000 0.732510 0.500000
25.000000 475.000000 -150.000000 -0.374095 0.500000
100.000000 475.000000 -150.000000 -0.444676 0.500000
175.000000 475.000000 -150.000000 -1.763467 0.500000
250.000000 475.000000 -150.000000 -1.104314 0.500000
325.000000 475.000000 -150.000000 -1.481310 0.500000
400.000000 475.000000 -150.000000 -0.972055 0.500000
475.000000 475.000000 -150.000000 -0.357370 0.500000
550.000000 475.000000 -150.000000 -1.049497 0.500000
-500.000000 550.000000 -150.000000 0.193600 0.500000
-425.000000 550.000000 -150.000000 1.519004 0.500000
-350.000000 550.000000 -150.000000 1.767120 0.500000
-275.000000 550.000000 -150.000000 0.324116 0.500000
-200.000000 550.000000 -150.000000 0.484272 0.500000
-125.000000 550.000000 -150.000000 0.478248 0.500000
-50.000000 550.000000 -150.000000 0.197243 0.500000
25.000000 550.000000 -150.000000 0.750683 0.500000
100.000000 550.000000 -150.000000 -0.523859 0.500000
175.000000 550.000000 -150.000000 -0.371589 0.500000
250.000000 550.000000 -150.000000 -1.099180 0.500000
325.000000 550.000000 -150.000000 -1.089828 0.500000
400.000000 550.000000 -150.000000 -0.568842 0.500000
475.000000 550.000000 -150.000000 -0.863114 0.500000
550.000000 550.000000 -150.000000 -0.781769 0.500000
