-500.000000 -500.000000 -150.000000 0.860615 0.500000
-425.000000 -500.000000 -150.000000 0.519090 0.500000
-350.000000 -500.000000 -150.000000 1.127789 0.500000
-275.000000 -500.000000 -150.000000 2.908111 0.500000
-200.000000 -500.000000 -150.000000 2.586916 0.500000
-125.000000 -500.000000 -150.000000 3.663650 0.500000
-50.000000 -500.000000 -150.000000 4.546353 0.500000
25.000000 -500.000000 -150.000000 4.073531 0.500000
100.000000 -500.000000 -150.000000 4.070344 0.500000
175.000000 -500.000000 -150.000000 3.340076 0.500000
250.000000 -500.000000 -150.000000 1.739592 0.500000
325.000000 -500.000000 -150.000000 1.387232 0.500000
400.000000 -500.000000 -150.000000 1.492023 0.500000
475.000000 -500.000000 -150.000000 0.487858 0.500000
550.000000 -500.000000 -150.000000 -0.747688 0.500000
-500.000000 -425.000000 -150.000000 0.187039 0.500000
-425.000000 -425.000000 -150.000000 0.923784 0.500000
-350.000000 -425.000000 -150.000000 0.469580 0.500000
-275.000000 -425.000000 -150.000000 1.622530 0.500000
-200.000000 -425.000000 -150.000000 3.418567 0.500000
-125.000000 -425.000000 -150.000000 4.498566 0.500000
-50.000000 -425.000000 -150.000000 5.164156 0.500000
25.000000 -425.000000 -150.000000 5.630244 0.500000
100.000000 -425.000000 -150.000000 4.054667 0.500000
175.000000 -425.000000 -150.000000 3.628663 0.500000
250.000000 -425.000000 -150.000000 2.423298 0.500000
325.000000 -425.000000 -150.000000 1.643797 0.500000
400.000000 -425.000000 -150.000000 -0.038719 0.500000
475.000000 -425.000000 -150.000000 -0.220133 0.500000
550.000000 -425.000000 -150.000000 0.861654 0.500000
-500.000000 -350.000000 -150.000000 -0.099991 0.500000
-425.000000 -350.000000 -150.000000 0.009962 0.500000
-350.000000 -350.000000 -150.000000 0.144351 0.500000
-275.000000 -350.000000 -150.000000 1.785567 0.500000
-200.000000 -350.000000 -150.000000 1.885548 0.500000
-125.000000 -350.000000 -150.000000 5.783977 0.500000
-50.000000 -350.000000 -150.000000 6.296229 0.500000
25.000000 -350.000000 -150.000000 6.358525 0.500000
100.000000 -350.000000 -150.000000 5.852988 0.500000
175.000000 -350.000000 -150.000000 4.144161 0.500000
250.000000 -350.000000 -150.000000 2.475272 0.500000
325.000000 -350.000000 -150.000000 0.728735 0.500000
400.000000 -350.000000 -150.000000 0.824467 0.500000
475.000000 -350.000000 -150.000000 0.168557 0.500000
550.000000 -350.000000 -150.000000 0.023149 0.500000
-500.000000 -275.000000 -150.000000 -0.660785 0.500000
-425.000000 -275.000000 -150.000000 -0.085698 0.500000
-350.000000 -275.000000 -150.000000 -0.603385 0.500000
-275.000000 -275.000000 -150.000000 0.842112 0.500000
-200.000000 -275.000000 -150.000000 2.206189 0.500000
-125.000000 -275.000000 -150.000000 4.697251 0.500000
-50.000000 -275.000000 -150.000000 6.617524 0.500000
25.000000 -275.000000 -150.000000 6.393721 0.500000
100.000000 -275.000000 -150.000000 5.605599 0.500000
175.000000 -275.000000 -150.000000 2.988093 0.500000
250.000000 -275.000000 -150.000000 0.010916 0.500000
325.000000 -275.000000 -150.000000 -1.034282 0.500000
400.000000 -275.000000 -150.000000 -0.507932 0.500000
475.000000 -275.000000 -150.000000 -1.327113 0.500000
550.000000 -275.000000 -150.000000 -0.286089 0.500000
-500.000000 -200.000000 -150.000000 -1.950823 0.500000
-425.000000 -200.000000 -150.000000 -2.307937 0.500000
-350.000000 -200.000000 -150.000000 -2.358873 0.500000
-275.000000 -200.000000 -150.000000 -1.524012 0.500000
-200.000000 -200.000000 -150.000000 -1.497672 0.500000
-125.000000 -200.000000 -150.000000 0.108546 0.500000
-50.000000 -200.000000 -150.000000 1.883681 0.500000
25.000000 -200.000000 -150.000000 1.542461 0.500000
100.000000 -200.000000 -150.000000 1.054148 0.500000
175.000000 -200.000000 -150.000000 -1.515892 0.500000
250.000000 -200.000000 -150.000000 -2.599459 0.500000
325.000000 -200.000000 -150.000000 -2.202405 0.500000
400.000000 -200.000000 -150.000000 -2.166266 0.500000
475.000000 -200.000000 -150.000000 -1.459253 0.500000
550.000000 -200.000000 -150.000000 -0.094767 0.500000
-500.000000 -125.000000 -150.000000 -2.665388 0.500000
-425.000000 -125.000000 -150.000000 -4.492658 0.500000
-350.000000 -125.000000 -150.000000 -4.138597 0.500000
-275.000000 -125.000000 -150.000000 -6.633280 0.500000
-200.000000 -125.000000 -150.000000 -7.452642 0.500000
-125.000000 -125.000000 -150.000000 -9.790597 0.500000
-50.000000 -125.000000 -150.000000 -11.339776 0.500000
25.000000 -125.000000 -150.000000 -10.304905 0.500000
100.000000 -125.000000 -150.000000 -10.445397 0.500000
175.000000 -125.000000 -150.000000 -9.249100 0.500000
250.000000 -125.000000 -150.000000 -6.930229 0.500000
325.000000 -125.000000 -150.000000 -4.623936 0.500000
400.000000 -125.000000 -150.000000 -3.779767 0.500000
475.000000 -125.000000 -150.000000 -3.401538 0.500000
550.000000 -125.000000 -150.000000 -2.313679 0.500000
-500.000000 -50.000000 -150.000000 -3.188287 0.500000
-425.000000 -50.000000 -150.000000 -4.350049 0.500000
-350.000000 -50.000000 -150.000000 -6.647793 0.500000
-275.000000 -50.000000 -150.000000 -8.978057 0.500000
-200.000000 -50.000000 -150.000000 -14.747593 0.500000
-125.000000 -50.000000 -150.000000 -21.018834 0.500000
-50.000000 -50.000000 -150.000000 -25.840697 0.500000
25.000000 -50.000000 -150.000000 -27.346757 0.500000
100.000000 -50.000000 -150.000000 -23.674011 0.500000
175.000000 -50.000000 -150.000000 -17.201166 0.500000
250.000000 -50.000000 -150.000000 -9.868529 0.500000
325.000000 -50.000000 -150.000000 -7.462106 0.500000
400.000000 -50.000000 -150.000000 -4.691887 0.500000
475.000000 -50.000000 -150.000000 -3.625108 0.500000
550.000000 -50.000000 -150.000000 -1.807267 0.500000
-500.000000 25.000000 -150.000000 -3.636542 0.500000
-425.000000 25.000000 -150.000000 -4.763705 0.500000
-350.000000 25.000000 -150.000000 -7.450982 0.500000
-275.000000 25.000000 -150.000000 -10.156293 0.500000
-200.000000 25.000000 -150.000000 -15.755994 0.500000
-125.000000 25.000000 -150.000000 -22.718305 0.500000
-50.000000 25.000000 -150.000000 -28.682658 0.500000
25.000000 25.000000 -150.000000 -30.510945 0.500000
100.000000 25.000000 -150.000000 -25.492932 0.500000
175.000000 25.000000 -150.000000 -17.903205 0.500000
250.000000 25.000000 -150.000000 -12.213263 0.500000
325.000000 25.000000 -150.000000 -7.262054 0.500000
400.000000 25.000000 -150.000000 -4.597406 0.500000
475.000000 25.000000 -150.000000 -4.059151 0.500000
550.000000 25.000000 -150.000000 -2.463243 0.500000
-500.000000 100.000000 -150.000000 -3.061884 0.500000
-425.000000 100.000000 -150.000000 -3.715182 0.500000
-350.000000 100.000000 -150.000000 -5.516882 0.500000
-275.000000 100.000000 -150.000000 -7.438417 0.500000
-200.000000 100.000000 -150.000000 -9.785611 0.500000
-125.000000 100.000000 -150.000000 -13.670176 0.500000
-50.000000 100.000000 -150.000000 -16.350963 0.500000
25.000000 100.000000 -150.000000 -17.868353 0.500000
100.000000 100.000000 -150.000000 -15.128598 0.500000
175.000000 100.000000 -150.000000 -11.462166 0.500000
250.000000 100.000000 -150.000000 -8.475238 0.500000
325.000000 100.000000 -150.000000 -6.016611 0.500000
400.000000 100.000000 -150.000000 -3.497037 0.500000
475.000000 100.000000 -150.000000 -2.980751 0.500000
550.000000 100.000000 -150.000000 -2.407029 0.500000
-500.000000 175.000000 -150.000000 -2.608708 0.500000
-425.000000 175.000000 -150.000000 -2.650339 0.500000
-350.000000 175.000000 -150.000000 -3.019383 0.500000
-275.000000 175.000000 -150.000000 -3.608454 0.500000
-200.000000 175.000000 -150.000000 -2.663292 0.500000
-125.000000 175.000000 -150.000000 -2.384766 0.500000
-50.000000 175.000000 -150.000000 -1.546834 0.500000
25.000000 175.000000 -150.000000 -0.634509 0.500000
100.000000 175.000000 -150.000000 -1.962905 0.500000
175.000000 175.000000 -150.000000 -3.213690 0.500000
250.000000 175.000000 -150.000000 -3.314376 0.500000
325.000000 175.000000 -150.000000 -2.238079 0.500000
400.000000 175.000000 -150.000000 -1.619575 0.500000
475.000000 175.000000 -150.000000 -1.389035 0.500000
550.000000 175.000000 -150.000000 -1.592567 0.500000
-500.000000 250.000000 -150.000000 -0.055669 0.500000
-425.000000 250.000000 -150.000000 -0.692681 0.500000
-350.000000 250.000000 -150.000000 -1.143684 0.500000
-275.000000 250.000000 -150.000000 -0.366545 0.500000
-200.000000 250.000000 -150.000000 0.528261 0.500000
-125.000000 250.000000 -150.000000 4.427276 0.500000
-50.000000 250.000000 -150.000000 5.725583 0.500000
25.000000 250.000000 -150.000000 6.344705 0.500000
100.000000 250.000000 -150.000000 5.006966 0.500000
175.000000 250.000000 -150.000000 1.906339 0.500000
250.000000 250.000000 -150.000000 0.502107 0.500000
325.000000 250.000000 -150.000000 -0.966830 0.500000
400.000000 250.000000 -150.000000 -1.410102 0.500000
475.000000 250.000000 -150.000000 -1.225339 0.500000
550.000000 250.000000 -150.000000 -1.842370 0.500000
-500.000000 325.000000 -150.000000 0.041275 0.500000
-425.000000 325.000000 -150.000000 -0.299856 0.500000
-350.000000 325.000000 -150.000000 0.942492 0.500000
-275.000000 325.000000 -150.000000 1.757333 0.500000
-200.000000 325.000000 -150.000000 2.502022 0.500000
-125.000000 325.000000 -150.000000 3.978956 0.500000
-50.000000 325.000000 -150.000000 6.426460 0.500000
25.000000 325.000000 -150.000000 6.915172 0.500000
100.000000 325.000000 -150.000000 5.155768 0.500000
175.000000 325.000000 -150.000000 3.119807 0.500000
250.000000 325.000000 -150.000000 1.871910 0.500000
325.000000 325.000000 -150.000000 1.135746 0.500000
400.000000 325.000000 -150.000000 0.296576 0.500000
475.000000 325.000000 -150.000000 -0.888309 0.500000
550.000000 325.000000 -150.000000 -0.512424 0.500000
-500.000000 400.000000 -150.000000 -0.638344 0.500000
-425.000000 400.000000 -150.000000 0.022550 0.500000
-350.000000 400.000000 -150.000000 0.866922 0.500000
-275.000000 400.000000 -150.000000 3.098042 0.500000
-200.000000 400.000000 -150.000000 2.998445 0.500000
-125.000000 400.000000 -150.000000 5.392376 0.500000
-50.000000 400.000000 -150.000000 5.721550 0.500000
25.000000 400.000000 -150.000000 6.309780 0.500000
100.000000 400.000000 -150.000000 5.641365 0.500000
175.000000 400.000000 -150.000000 4.555384 0.500000
250.000000 400.000000 -150.000000 1.247078 0.500000
325.000000 400.000000 -150.000000 2.325882 0.500000
400.000000 400.000000 -150.000000 0.818539 0.500000
475.000000 400.000000 -150.000000 1.233159 0.500000
550.000000 400.000000 -150.000000 0.143605 0.500000
-500.000000 475.000000 -150.000000 0.596814 0.500000
-425.000000 475.000000 -150.000000 0.373462 0.500000
-350.000000 475.000000 -150.000000 1.003930 0.500000
-275.000000 475.000000 -150.000000 1.714313 0.500000
-200.000000 475.000000 -150.000000 2.697790 0.500000
-125.000000 475.000000 -150.000000 3.963116 0.500000
-50.000000 475.000000 -150.000000 4.056840 0.500000
25.000000 475.000000 -150.000000 5.315981 0.500000
100.000000 475.000000 -150.000000 3.831444 0.500000
175.000000 475.000000 -150.000000 3.040039 0.500000
250.000000 475.000000 -150.000000 2.490285 0.500000
325.000000 475.000000 -150.000000 1.794780 0.500000
400.000000 475.000000 -150.000000 1.136483 0.500000
475.000000 475.000000 -150.000000 0.572328 0.500000
550.000000 475.000000 -150.000000 -0.835944 0.500000
-500.000000 550.000000 -150.000000 -0.034876 0.500000
-425.000000 550.000000 -150.000000 1.360729 0.500000
-350.000000 550.000000 -150.000000 1.001816 0.500000
-275.000000 550.000000 -150.000000 1.953569 0.500000
-200.000000 550.000000 -150.000000 2.522312 0.500000
-125.000000 550.000000 -150.000000 4.081406 0.500000
-50.000000 550.000000 -150.000000 3.998354 0.500000
25.000000 550.000000 -150.000000 4.355389 0.500000
100.000000 550.000000 -150.000000 3.749667 0.500000
175.000000 550.000000 -150.000000 3.172417 0.500000
250.000000 550.000000 -150.000000 1.582665 0.500000
325.000000 550.000000 -150.000000 1.596118 0.500000
400.000000 550.000000 -150.000000 1.028402 0.500000
475.000000 550.000000 -150.000000 0.325163 0.500000
550.000000 550.000000 -150.000000 -0.139227 0.500000
