-500.000000 -500.000000 -150.000000 1.323093 0.500000
-425.000000 -500.000000 -150.000000 1.259516 0.500000
-350.000000 -500.000000 -150.000000 1.108893 0.500000
-275.000000 -500.000000 -150.000000 3.154720 0.500000
-200.000000 -500.000000 -150.000000 3.356814 0.500000
-125.000000 -500.000000 -150.000000 2.203534 0.500000
-50.000000 -500.000000 -150.000000 2.986681 0.500000
25.000000 -500.000000 -150.000000 3.479037 0.500000
100.000000 -500.000000 -150.000000 3.373797 0.500000
175.000000 -500.000000 -150.000000 3.048207 0.500000
250.000000 -500.000000 -150.000000 2.669584 0.500000
325.000000 -500.000000 -150.000000 2.305657 0.500000
400.000000 -500.000000 -150.000000 2.375511 0.500000
475.000000 -500.000000 -150.000000 1.824991 0.500000
550.000000 -500.000000 -150.000000 0.831926 0.500000
-500.000000 -425.000000 -150.000000 0.872437 0.500000
-425.000000 -425.000000 -150.000000 0.963602 0.500000
-350.000000 -425.000000 -150.000000 1.160852 0.500000
-275.000000 -425.000000 -150.000000 3.158056 0.500000
-200.000000 -425.000000 -150.000000 4.019177 0.500000
-125.000000 -425.000000 -150.000000 4.857145 0.500000
-50.000000 -425.000000 -150.000000 5.708266 0.500000
25.000000 -425.000000 -150.000000 6.127166 0.500000
100.000000 -425.000000 -150.000000 4.794168 0.500000
175.000000 -425.000000 -150.000000 3.532100 0.500000
250.000000 -425.000000 -150.000000 3.538328 0.500000
325.000000 -425.000000 -150.000000 2.969936 0.500000
400.000000 -425.000000 -150.000000 1.518465 0.500000
475.000000 -425.000000 -150.000000 0.740565 0.500000
550.000000 -425.000000 -150.000000 0.976379 0.500000
-500.000000 -350.000000 -150.000000 0.636826 0.500000
-425.000000 -350.000000 -150.000000 1.807231 0.500000
-350.000000 -350.000000 -150.000000 2.985853 0.500000
-275.000000 -350.000000 -150.000000 3.953738 0.500000
-200.000000 -350.000000 -150.000000 5.800031 0.500000
-125.000000 -350.000000 -150.000000 7.525195 0.500000
-50.000000 -350.000000 -150.000000 9.399297 0.500000
25.000000 -350.000000 -150.000000 9.100489 0.500000
100.000000 -350.000000 -150.000000 8.852400 0.500000
175.000000 -350.000000 -150.000000 6.248757 0.500000
250.000000 -350.000000 -150.000000 4.699439 0.500000
325.000000 -350.000000 -150.000000 3.368204 0.500000
400.000000 -350.000000 -150.000000 2.254480 0.500000
475.000000 -350.000000 -150.000000 1.050859 0.500000
550.000000 -350.000000 -150.000000 0.692939 0.500000
-500.000000 -275.000000 -150.000000 0.887670 0.500000
-425.000000 -275.000000 -150.000000 1.274180 0.500000
-350.000000 -275.000000 -150.000000 3.448537 0.500000
-275.000000 -275.000000 -150.000000 5.223515 0.500000
-200.000000 -275.000000 -150.000000 7.652212 0.500000
-125.000000 -275.000000 -150.000000 12.176332 0.500000
-50.000000 -275.000000 -150.000000 15.187612 0.500000
25.000000 -275.000000 -150.000000 15.171153 0.500000
100.000000 -275.000000 -150.000000 13.211755 0.500000
175.000000 -275.000000 -150.000000 9.166957 0.500000
250.000000 -275.000000 -150.000000 5.713591 0.500000
325.000000 -275.000000 -150.000000 3.536218 0.500000
400.000000 -275.000000 -150.000000 2.878214 0.500000
475.000000 -275.000000 -150.000000 2.069209 0.500000
550.000000 -275.000000 -150.000000 1.964929 0.500000
-500.000000 -200.000000 -150.000000 1.972102 0.500000
-425.000000 -200.000000 -150.000000 2.675585 0.500000
-350.000000 -200.000000 -150.000000 3.859967 0.500000
-275.000000 -200.000000 -150.000000 6.354435 0.500000
-200.000000 -200.000000 -150.000000 12.138965 0.500000
-125.000000 -200.000000 -150.000000 17.093896 0.500000
-50.000000 -200.000000 -150.000000 22.527637 0.500000
25.000000 -200.000000 -150.000000 23.339536 0.500000
100.000000 -200.000000 -150.000000 19.286880 0.500000
175.000000 -200.000000 -150.000000 12.509545 0.500000
250.000000 -200.000000 -150.000000 7.642322 0.500000
325.000000 -200.000000 -150.000000 3.286003 0.500000
400.000000 -200.000000 -150.000000 2.519971 0.500000
475.000000 -200.000000 -150.000000 1.665872 0.500000
550.000000 -200.000000 -150.000000 0.898467 0.500000
-500.000000 -125.000000 -150.000000 0.690507 0.500000
-425.000000 -125.000000 -150.000000 0.863336 0.500000
-350.000000 -125.000000 -150.000000 2.522293 0.500000
-275.000000 -125.000000 -150.000000 5.177529 0.500000
-200.000000 -125.000000 -150.000000 10.660303 0.500000
-125.000000 -125.000000 -150.000000 19.441667 0.500000
-50.000000 -125.000000 -150.000000 25.901658 0.500000
25.000000 -125.000000 -150.000000 27.300152 0.500000
100.000000 -125.000000 -150.000000 21.651689 0.500000
175.000000 -125.000000 -150.000000 13.267341 0.500000
250.000000 -125.000000 -150.000000 6.389645 0.500000
325.000000 -125.000000 -150.000000 3.351893 0.500000
400.000000 -125.000000 -150.000000 1.852177 0.500000
475.000000 -125.000000 -150.000000 1.251308 0.500000
550.000000 -125.000000 -150.000000 -0.211297 0.500000
-500.000000 -50.000000 -150.000000 0.983377 0.500000
-425.000000 -50.000000 -150.000000 0.872609 0.500000
-350.000000 -50.000000 -150.000000 1.390630 0.500000
-275.000000 -50.000000 -150.000000 2.465778 0.500000
-200.000000 -50.000000 -150.000000 5.816047 0.500000
-125.000000 -50.000000 -150.000000 9.256182 0.500000
-50.000000 -50.000000 -150.000000 15.220607 0.500000
25.000000 -50.000000 -150.000000 15.670775 0.500000
100.000000 -50.000000 -150.000000 12.721025 0.500000
175.000000 -50.000000 -150.000000 6.722637 0.500000
250.000000 -50.000000 -150.000000 3.664636 0.500000
325.000000 -50.000000 -150.000000 1.756305 0.500000
400.000000 -50.000000 -150.000000 0.396891 0.500000
475.000000 -50.000000 -150.000000 0.029281 0.500000
550.000000 -50.000000 -150.000000 -0.061764 0.500000
-500.000000 25.000000 -150.000000 -0.019663 0.500000
-425.000000 25.000000 -150.000000 -0.216319 0.500000
-350.000000 25.000000 -150.000000 -0.471089 0.500000
-275.000000 25.000000 -150.000000 -0.777198 0.500000
-200.000000 25.000000 -150.000000 -3.070045 0.500000
-125.000000 25.000000 -150.000000 -5.432619 0.500000
-50.000000 25.000000 -150.000000 -8.044490 0.500000
25.000000 25.000000 -150.000000 -8.040937 0.500000
100.000000 25.000000 -150.000000 -6.330283 0.500000
175.000000 25.000000 -150.000000 -3.228657 0.500000
250.000000 25.000000 -150.000000 -2.182268 0.500000
325.000000 25.000000 -150.000000 -1.252113 0.500000
400.000000 25.000000 -150.000000 -0.760252 0.500000
475.000000 25.000000 -150.000000 -0.207314 0.500000
550.000000 25.000000 -150.000000 0.004703 0.500000
-500.000000 100.000000 -150.000000 -0.136771 0.500000
-425.000000 100.000000 -150.000000 -1.997551 0.500000
-350.000000 100.000000 -150.000000 -1.210170 0.500000
-275.000000 100.000000 -150.000000 -4.796174 0.500000
-200.000000 100.000000 -150.000000 -9.057486 0.500000
-125.000000 100.000000 -150.000000 -17.080302 0.500000
-50.000000 100.000000 -150.000000 -24.363407 0.500000
25.000000 100.000000 -150.000000 -25.402669 0.500000
100.000000 100.000000 -150.000000 -19.730254 0.500000
175.000000 100.000000 -150.000000 -12.462799 0.500000
250.000000 100.000000 -150.000000 -5.353270 0.500000
325.000000 100.000000 -150.000000 -3.247740 0.500000
400.000000 100.000000 -150.000000 -1.553622 0.500000
475.000000 100.000000 -150.000000 -0.820108 0.500000
550.000000 100.000000 -150.000000 -0.351726 0.500000
-500.000000 175.000000 -150.000000 -1.060213 0.500000
-425.000000 175.000000 -150.000000 -2.652792 0.500000
-350.000000 175.000000 -150.000000 -3.617927 0.500000
-275.000000 175.000000 -150.000000 -5.833980 0.500000
-200.000000 175.000000 -150.000000 -10.763079 0.500000
-125.000000 175.000000 -150.000000 -17.139881 0.500000
-50.000000 175.000000 -150.000000 -25.642131 0.500000
25.000000 175.000000 -150.000000 -25.118911 0.500000
100.000000 175.000000 -150.000000 -20.410168 0.500000
175.000000 175.000000 -150.000000 -12.956503 0.500000
250.000000 175.000000 -150.000000 -7.281776 0.500000
325.000000 175.000000 -150.000000 -3.084432 0.500000
400.000000 175.000000 -150.000000 -2.006252 0.500000
475.000000 175.000000 -150.000000 -0.878987 0.500000
550.000000 175.000000 -150.000000 0.163702 0.500000
-500.000000 250.000000 -150.000000 -1.418775 0.500000
-425.000000 250.000000 -150.000000 -2.890157 0.500000
-350.000000 250.000000 -150.000000 -2.805599 0.500000
-275.000000 250.000000 -150.000000 -5.104352 0.500000
-200.000000 250.000000 -150.000000 -9.406590 0.500000
-125.000000 250.000000 -150.000000 -14.754932 0.500000
-50.000000 250.000000 -150.000000 -17.449490 0.500000
25.000000 250.000000 -150.000000 -18.789209 0.500000
100.000000 250.000000 -150.000000 -15.628429 0.500000
175.000000 250.000000 -150.000000 -11.019332 0.500000
250.000000 250.000000 -150.000000 -7.228478 0.500000
325.000000 250.000000 -150.000000 -4.356692 0.500000
400.000000 250.000000 -150.000000 -2.675852 0.500000
475.000000 250.000000 -150.000000 -1.704562 0.500000
550.000000 250.000000 -150.000000 -1.358813 0.500000
-500.000000 325.000000 -150.000000 0.092740 0.500000
-425.000000 325.000000 -150.000000 -2.033184 0.500000
-350.000000 325.000000 -150.000000 -3.359782 0.500000
-275.000000 325.000000 -150.000000 -4.486386 0.500000
-200.000000 325.000000 -150.000000 -6.788490 0.500000
-125.000000 325.000000 -150.000000 -8.933892 0.500000
-50.000000 325.000000 -150.000000 -10.832894 0.500000
25.000000 325.000000 -150.000000 -11.212942 0.500000
100.000000 325.000000 -150.000000 -10.385962 0.500000
175.000000 325.000000 -150.000000 -7.755826 0.500000
250.000000 325.000000 -150.000000 -5.591828 0.500000
325.000000 325.000000 -150.000000 -3.164320 0.500000
400.000000 325.000000 -150.000000 -2.620184 0.500000
475.000000 325.000000 -150.000000 -1.604619 0.500000
550.000000 325.000000 -150.000000 -1.024201 0.500000
-500.000000 400.000000 -150.000000 -0.402128 0.500000
-425.000000 400.000000 -150.000000 -1.413054 0.500000
-350.000000 400.000000 -150.000000 -2.431346 0.500000
-275.000000 400.000000 -150.000000 -3.355069 0.500000
-200.000000 400.000000 -150.000000 -4.311423 0.500000
-125.000000 400.000000 -150.000000 -5.325691 0.500000
-50.000000 400.000000 -150.000000 -6.426432 0.500000
25.000000 400.000000 -150.000000 -7.090153 0.500000
100.000000 400.000000 -150.000000 -6.367383 0.500000
175.000000 400.000000 -150.000000 -4.393255 0.500000
250.000000 400.000000 -150.000000 -4.446389 0.500000
325.000000 400.000000 -150.000000 -1.944884 0.500000
400.000000 400.000000 -150.000000 -1.106136 0.500000
475.000000 400.000000 -150.000000 -1.906016 0.500000
550.000000 400.000000 -150.000000 -1.210533 0.500000
-500.000000 475.000000 -150.000000 -1.017671 0.500000
-425.000000 475.000000 -150.000000 -1.656342 0.500000
-350.000000 475.000000 -150.000000 -1.385718 0.500000
-275.000000 475.000000 -150.000000 -2.892230 0.500000
-200.000000 475.000000 -150.000000 -3.053109 0.500000
-125.000000 475.000000 -150.000000 -3.832062 0.500000
-50.000000 475.000000 -150.000000 -3.919262 0.500000
25.000000 475.000000 -150.000000 -3.291853 0.500000
100.000000 475.000000 -150.000000 -4.709872 0.500000
175.000000 475.000000 -150.000000 -2.829262 0.500000
250.000000 475.000000 -150.000000 -2.332229 0.500000
325.000000 475.000000 -150.000000 -0.975619 0.500000
400.000000 475.000000 -150.000000 -2.842625 0.500000
475.000000 475.000000 -150.000000 -0.809404 0.500000
550.000000 475.000000 -150.000000 0.315276 0.500000
-500.000000 550.000000 -150.000000 -1.086515 0.500000
-425.000000 550.000000 -150.000000 -1.116239 0.500000
-350.000000 550.000000 -150.000000 -1.078793 0.500000
-275.000000 550.000000 -150.000000 -0.877513 0.500000
-200.000000 550.000000 -150.000000 -2.312026 0.500000
-125.000000 550.000000 -150.000000 -2.282790 0.500000
-50.000000 550.000000 -150.000000 -2.033979 0.500000
25.000000 550.000000 -150.000000 -3.097062 0.500000
100.000000 550.000000 -150.000000 -2.981972 0.500000
175.000000 550.000000 -150.000000 -2.211028 0.500000
250.000000 550.000000 -150.000000 -1.633930 0.500000
325.000000 550.000000 -150.000000 -0.944356 0.500000
400.000000 550.000000 -150.000000 -0.459715 0.500000
475.000000 550.000000 -150.000000 -1.446926 0.500000
550.000000 550.000000 -150.000000 -1.074990 0.500000
