-500.000000 -500.000000 -150.000000 -1.637432 0.500000
-425.000000 -500.000000 -150.000000 -0.641567 0.500000
-350.000000 -500.000000 -150.000000 -1.162670 0.500000
-275.000000 -500.000000 -150.000000 -1.423249 0.500000
-200.000000 -500.000000 -150.000000 -1.465217 0.500000
-125.000000 -500.000000 -150.000000 -0.974155 0.500000
-50.000000 -500.000000 -150.000000 -1.191731 0.500000
25.000000 -500.000000 -150.000000 -1.210184 0.500000
100.000000 -500.000000 -150.000000 -0.790944 0.500000
175.000000 -500.000000 -150.000000 -1.834462 0.500000
250.000000 -500.000000 -150.000000 -0.539302 0.500000
325.000000 -500.000000 -150.000000 -1.736570 0.500000
400.000000 -500.000000 -150.000000 -0.899786 0.500000
475.000000 -500.000000 -150.000000 -1.590357 0.500000
550.000000 -500.000000 -150.000000 0.025500 0.500000
-500.000000 -425.000000 -150.000000 -0.230649 0.500000
-425.000000 -425.000000 -150.000000 -1.333764 0.500000
-350.000000 -425.000000 -150.000000 -0.733616 0.500000
-275.000000 -425.000000 -150.000000 -1.514866 0.500000
-200.000000 -425.000000 -150.000000 -1.245121 0.500000
-125.000000 -425.000000 -150.000000 -0.700571 0.500000
-50.000000 -425.000000 -150.000000 -0.848897 0.500000
25.000000 -425.000000 -150.000000 -0.436933 0.500000
100.000000 -425.000000 -150.000000 -1.199828 0.500000
175.000000 -425.000000 -150.000000 -0.866583 0.500000
250.000000 -425.000000 -150.000000 -1.350764 0.500000
325.000000 -425.000000 -150.000000 -1.529335 0.500000
400.000000 -425.000000 -150.000000 -0.849717 0.500000
475.000000 -425.000000 -150.000000 -0.799677 0.500000
550.000000 -425.000000 -150.000000 -1.231131 0.500000
-500.000000 -350.000000 -150.000000 -0.994989 0.500000
-425.000000 -350.000000 -150.000000 -2.125328 0.500000
-350.000000 -350.000000 -150.000000 -0.441331 0.500000
-275.000000 -350.000000 -150.000000 -0.949497 0.500000
-200.000000 -350.000000 -150.000000 -1.162445 0.500000
-125.000000 -350.000000 -150.000000 -0.357397 0.500000
-50.000000 -350.000000 -150.000000 -0.528619 0.500000
25.000000 -350.000000 -150.000000 -0.556608 0.500000
100.000000 -350.000000 -150.000000 -1.261829 0.500000
175.000000 -350.000000 -150.000000 -0.069754 0.500000
250.000000 -350.000000 -150.000000 -0.642724 0.500000
325.000000 -350.000000 -150.000000 -1.119292 0.500000
400.000000 -350.000000 -150.000000 -0.376795 0.500000
475.000000 -350.000000 -150.000000 -0.876211 0.500000
550.000000 -350.000000 -150.000000 -1.455010 0.500000
-500.000000 -275.000000 -150.000000 -1.749697 0.500000
-425.000000 -275.000000 -150.000000 -0.816846 0.500000
-350.000000 -275.000000 -150.000000 -1.430274 0.500000
-275.000000 -275.000000 -150.000000 -1.139936 0.500000
-200.000000 -275.000000 -150.000000 0.873780 0.500000
-125.000000 -275.000000 -150.000000 1.565933 0.500000
-50.000000 -275.000000 -150.000000 4.428342 0.500000
25.000000 -275.000000 -150.000000 3.652601 0.500000
100.000000 -275.000000 -150.000000 2.018948 0.500000
175.000000 -275.000000 -150.000000 1.387719 0.500000
250.000000 -275.000000 -150.000000 -0.449619 0.500000
325.000000 -275.000000 -150.000000 -0.542906 0.500000
400.000000 -275.000000 -150.000000 -1.911270 0.500000
475.000000 -275.000000 -150.000000 -1.029665 0.500000
550.000000 -275.000000 -150.000000 -0.715813 0.500000
-500.000000 -200.000000 -150.000000 -1.173000 0.500000
-425.000000 -200.000000 -150.000000 -0.943370 0.500000
-350.000000 -200.000000 -150.000000 -0.731129 0.500000
-275.000000 -200.000000 -150.000000 -0.388227 0.500000
-200.000000 -200.000000 -150.000000 3.482552 0.500000
-125.000000 -200.000000 -150.000000 7.999634 0.500000
-50.000000 -200.000000 -150.000000 13.303789 0.500000
25.000000 -200.000000 -150.000000 13.875353 0.500000
100.000000 -200.000000 -150.000000 9.168356 0.500000
175.000000 -200.000000 -150.000000 4.805891 0.500000
250.000000 -200.000000 -150.000000 1.272814 0.500000
325.000000 -200.000000 -150.000000 -0.624865 0.500000
400.000000 -200.000000 -150.000000 -0.968166 0.500000
475.000000 -200.000000 -150.000000 -1.324777 0.500000
550.000000 -200.000000 -150.000000 -1.896331 0.500000
-500.000000 -125.000000 -150.000000 -0.525718 0.500000
-425.000000 -125.000000 -150.000000 -0.273025 0.500000
-350.000000 -125.000000 -150.000000 -0.379997 0.500000
-275.000000 -125.000000 -150.000000 1.695560 0.500000
-200.000000 -125.000000 -150.000000 7.484121 0.500000
-125.000000 -125.000000 -150.000000 19.809068 0.500000
-50.000000 -125.000000 -150.000000 31.277046 0.500000
25.000000 -125.000000 -150.000000 34.591485 0.500000
100.000000 -125.000000 -150.000000 23.634830 0.500000
175.000000 -125.000000 -150.000000 11.037903 0.500000
250.000000 -125.000000 -150.000000 2.920640 0.500000
325.000000 -125.000000 -150.000000 -0.149852 0.500000
400.000000 -125.000000 -150.000000 -1.269734 0.500000
475.000000 -125.000000 -150.000000 -1.454235 0.500000
550.000000 -125.000000 -150.000000 -1.586866 0.500000
-500.000000 -50.000000 -150.000000 -1.901096 0.500000
-425.000000 -50.000000 -150.000000 -0.419530 0.500000
-350.000000 -50.000000 -150.000000 -0.251315 0.500000
-275.000000 -50.000000 -150.000000 2.815847 0.500000
-200.000000 -50.000000 -150.000000 11.642275 0.500000
-125.000000 -50.000000 -150.000000 32.591121 0.500000
-50.000000 -50.000000 -150.000000 53.276643 0.500000
25.000000 -50.000000 -150.000000 55.691600 0.500000
100.000000 -50.000000 -150.000000 39.281680 0.500000
175.000000 -50.000000 -150.000000 18.334168 0.500000
250.000000 -50.000000 -150.000000 5.480315 0.500000
325.000000 -50.000000 -150.000000 0.976161 0.500000
400.000000 -50.000000 -150.000000 -0.658691 0.500000
475.000000 -50.000000 -150.000000 -1.207224 0.500000
550.000000 -50.000000 -150.000000 -1.253926 0.500000
-500.000000 25.000000 -150.000000 -1.457680 0.500000
-425.000000 25.000000 -150.000000 -0.754781 0.500000
-350.000000 25.000000 -150.000000 -0.020060 0.500000
-275.000000 25.000000 -150.000000 3.328275 0.500000
-200.000000 25.000000 -150.000000 14.188558 0.500000
-125.000000 25.000000 -150.000000 32.819968 0.500000
-50.000000 25.000000 -150.000000 56.857736 0.500000
25.000000 25.000000 -150.000000 60.561557 0.500000
100.000000 25.000000 -150.000000 42.063700 0.500000
175.000000 25.000000 -150.000000 18.870497 0.500000
250.000000 25.000000 -150.000000 5.432657 0.500000
325.000000 25.000000 -150.000000 1.120122 0.500000
400.000000 25.000000 -150.000000 -1.174734 0.500000
475.000000 25.000000 -150.000000 -1.842244 0.500000
550.000000 25.000000 -150.000000 -1.195430 0.500000
-500.000000 100.000000 -150.000000 -0.743137 0.500000
-425.000000 100.000000 -150.000000 -0.218146 0.500000
-350.000000 100.000000 -150.000000 -1.290922 0.500000
-275.000000 100.000000 -150.000000 2.351253 0.500000
-200.000000 100.000000 -150.000000 10.078381 0.500000
-125.000000 100.000000 -150.000000 23.826550 0.500000
-50.000000 100.000000 -150.000000 39.260059 0.500000
25.000000 100.000000 -150.000000 42.801424 0.500000
100.000000 100.000000 -150.000000 29.749346 0.500000
175.000000 100.000000 -150.000000 13.697105 0.500000
250.000000 100.000000 -150.000000 4.795370 0.500000
325.000000 100.000000 -150.000000 -0.507685 0.500000
400.000000 100.000000 -150.000000 -1.322736 0.500000
475.000000 100.000000 -150.000000 -1.475004 0.500000
550.000000 100.000000 -150.000000 -1.297044 0.500000
-500.000000 175.000000 -150.000000 -1.544753 0.500000
-425.000000 175.000000 -150.000000 -0.990293 0.500000
-350.000000 175.000000 -150.000000 0.085600 0.500000
-275.000000 175.000000 -150.000000 0.506046 0.500000
-200.000000 175.000000 -150.000000 3.959963 0.500000
-125.000000 175.000000 -150.000000 9.921360 0.500000
-50.000000 175.000000 -150.000000 17.946524 0.500000
25.000000 175.000000 -150.000000 18.999885 0.500000
100.000000 175.000000 -150.000000 14.118838 0.500000
175.000000 175.000000 -150.000000 6.075788 0.500000
250.000000 175.000000 -150.000000 1.168714 0.500000
325.000000 175.000000 -150.000000 -0.455978 0.500000
400.000000 175.000000 -150.000000 -0.839285 0.500000
475.000000 175.000000 -150.000000 -1.400387 0.500000
550.000000 175.000000 -150.000000 -1.104165 0.500000
-500.000000 250.000000 -150.000000 -0.801281 0.500000
-425.000000 250.000000 -150.000000 -1.681224 0.500000
-350.000000 250.000000 -150.000000 -1.408261 0.500000
-275.000000 250.000000 -150.000000 -0.057965 0.500000
-200.000000 250.000000 -150.000000 1.255192 0.500000
-125.000000 250.000000 -150.000000 2.970499 0.500000
-50.000000 250.000000 -150.000000 5.590899 0.500000
25.000000 250.000000 -150.000000 6.818260 0.500000
100.000000 250.000000 -150.000000 4.074422 0.500000
175.000000 250.000000 -150.000000 1.608463 0.500000
250.000000 250.000000 -150.000000 -0.050026 0.500000
325.000000 250.000000 -150.000000 -1.060244 0.500000
400.000000 250.000000 -150.000000 -0.155427 0.500000
475.000000 250.000000 -150.000000 -1.612312 0.500000
550.000000 250.000000 -150.000000 -1.469999 0.500000
-500.000000 325.000000 -150.000000 -0.265914 0.500000
-425.000000 325.000000 -150.000000 -1.398602 0.500000
-350.000000 325.000000 -150.000000 -0.412148 0.500000
-275.000000 325.000000 -150.000000 -0.761712 0.500000
-200.000000 325.000000 -150.000000 -0.589434 0.500000
-125.000000 325.000000 -150.000000 -0.498115 0.500000
-50.000000 325.000000 -150.000000 1.155937 0.500000
25.000000 325.000000 -150.000000 0.140083 0.500000
100.000000 325.000000 -150.000000 0.370138 0.500000
175.000000 325.000000 -150.000000 -0.226527 0.500000
250.000000 325.000000 -150.000000 -0.712283 0.500000
325.000000 325.000000 -150.000000 -1.484472 0.500000
400.000000 325.000000 -150.000000 -1.407811 0.500000
475.000000 325.000000 -150.000000 -0.857252 0.500000
550.000000 325.000000 -150.000000 -1.079277 0.500000
-500.000000 400.000000 -150.000000 -0.664130 0.500000
-425.000000 400.000000 -150.000000 -1.164594 0.500000
-350.000000 400.000000 -150.000000 -1.856543 0.500000
-275.000000 400.000000 -150.000000 -2.003418 0.500000
-200.000000 400.000000 -150.000000 -0.754345 0.500000
-125.000000 400.000000 -150.000000 -1.522902 0.500000
-50.000000 400.000000 -150.000000 -1.549220 0.500000
25.000000 400.000000 -150.000000 -0.678768 0.500000
100.000000 400.000000 -150.000000 -0.849774 0.500000
175.000000 400.000000 -150.000000 -1.978712 0.500000
250.000000 400.000000 -150.000000 -1.192124 0.500000
325.000000 400.000000 -150.000000 -1.416699 0.500000
400.000000 400.000000 -150.000000 -0.281033 0.500000
475.000000 400.000000 -150.000000 -0.977492 0.500000
550.000000 400.000000 -150.000000 -1.358746 0.500000
-500.000000 475.000000 -150.000000 -0.858016 0.500000
-425.000000 475.000000 -150.000000 -0.802657 0.500000
-350.000000 475.000000 -150.000000 -1.369457 0.500000
-275.000000 475.000000 -150.000000 -0.800258 0.500000
-200.000000 475.000000 -150.000000 -0.564309 0.500000
-125.000000 475.000000 -150.000000 -0.421352 0.500000
-50.000000 475.000000 -150.000000 -1.561191 0.500000
25.000000 475.000000 -150.000000 -1.051889 0.500000
100.000000 475.000000 -150.000000 -0.880161 0.500000
175.000000 475.000000 -150.000000 -0.477682 0.500000
250.000000 475.000000 -150.000000 -1.044138 0.500000
325.000000 475.000000 -150.000000 -0.653594 0.500000
400.000000 475.000000 -150.000000 -2.582215 0.500000
475.000000 475.000000 -150.000000 -0.232395 0.500000
550.000000 475.000000 -150.000000 -0.893237 0.500000
-500.000000 550.000000 -150.000000 -0.539825 0.500000
-425.000000 550.000000 -150.000000 -0.813380 0.500000
-350.000000 550.000000 -150.000000 -0.461282 0.500000
-275.000000 550.000000 -150.000000 -1.793500 0.500000
-200.000000 550.000000 -150.000000 -1.221101 0.500000
-125.000000 550.000000 -150.000000 -0.395647 0.500000
-50.000000 550.000000 -150.000000 -2.647935 0.500000
25.000000 550.000000 -150.000000 -1.456924 0.500000
100.000000 550.000000 -150.000000 -1.986608 0.500000
175.000000 550.000000 -150.000000 -0.300386 0.500000
250.000000 550.000000 -150.000000 -1.107636 0.500000
325.000000 550.000000 -150.000000 -0.375044 0.500000
400.000000 550.000000 -150.000000 -1.652763 0.500000
475.000000 550.000000 -150.000000 -0.878207 0.500000
550.000000 550.000000 -150.000000 -1.314623 0.500000
