-600.000000 -600.000000 -150.000000 -0.052571 0.020000
-525.000000 -600.000000 -150.000000 -0.118071 0.020000
-450.000000 -600.000000 -150.000000 -0.201772 0.020000
-375.000000 -600.000000 -150.000000 -0.289379 0.020000
-300.000000 -600.000000 -150.000000 -0.410611 0.020000
-225.000000 -600.000000 -150.000000 -0.451671 0.020000
-150.000000 -600.000000 -150.000000 -0.520286 0.020000
-75.000000 -600.000000 -150.000000 -0.579432 0.020000
0.000000 -600.000000 -150.000000 -0.597118 0.020000
75.000000 -600.000000 -150.000000 -0.573538 0.020000
150.000000 -600.000000 -150.000000 -0.556959 0.020000
225.000000 -600.000000 -150.000000 -0.460308 0.020000
300.000000 -600.000000 -150.000000 -0.377579 0.020000
375.000000 -600.000000 -150.000000 -0.333653 0.020000
450.000000 -600.000000 -150.000000 -0.196877 0.020000
525.000000 -600.000000 -150.000000 -0.144156 0.020000
600.000000 -600.000000 -150.000000 -0.041886 0.020000
-600.000000 -525.000000 -150.000000 -0.007298 0.020000
-525.000000 -525.000000 -150.000000 -0.122458 0.020000
-450.000000 -525.000000 -150.000000 -0.185471 0.020000
-375.000000 -525.000000 -150.000000 -0.318141 0.020000
-300.000000 -525.000000 -150.000000 -0.400706 0.020000
-225.000000 -525.000000 -150.000000 -0.498168 0.020000
-150.000000 -525.000000 -150.000000 -0.626039 0.020000
-75.000000 -525.000000 -150.000000 -0.666691 0.020000
0.000000 -525.000000 -150.000000 -0.689835 0.020000
75.000000 -525.000000 -150.000000 -0.665951 0.020000
150.000000 -525.000000 -150.000000 -0.613533 0.020000
225.000000 -525.000000 -150.000000 -0.500479 0.020000
300.000000 -525.000000 -150.000000 -0.464375 0.020000
375.000000 -525.000000 -150.000000 -0.331398 0.020000
450.000000 -525.000000 -150.000000 -0.216047 0.020000
525.000000 -525.000000 -150.000000 -0.111029 0.020000
600.000000 -525.000000 -150.000000 -0.034355 0.020000
-600.000000 -450.000000 -150.000000 -0.035521 0.020000
-525.000000 -450.000000 -150.000000 -0.109645 0.020000
-450.000000 -450.000000 -150.000000 -0.215277 0.020000
-375.000000 -450.000000 -150.000000 -0.330832 0.020000
-300.000000 -450.000000 -150.000000 -0.476758 0.020000
-225.000000 -450.000000 -150.000000 -0.586982 0.020000
-150.000000 -450.000000 -150.000000 -0.699471 0.020000
-75.000000 -450.000000 -150.000000 -0.779926 0.020000
0.000000 -450.000000 -150.000000 -0.757256 0.020000
75.000000 -450.000000 -150.000000 -0.759601 0.020000
150.000000 -450.000000 -150.000000 -0.711818 0.020000
225.000000 -450.000000 -150.000000 -0.580498 0.020000
300.000000 -450.000000 -150.000000 -0.447313 0.020000
375.000000 -450.000000 -150.000000 -0.338809 0.020000
450.000000 -450.000000 -150.000000 -0.200071 0.020000
525.000000 -450.000000 -150.000000 -0.117181 0.020000
600.000000 -450.000000 -150.000000 -0.042153 0.020000
-600.000000 -375.000000 -150.000000 0.025655 0.020000
-525.000000 -375.000000 -150.000000 -0.077737 0.020000
-450.000000 -375.000000 -150.000000 -0.202455 0.020000
-375.000000 -375.000000 -150.000000 -0.311317 0.020000
-300.000000 -375.000000 -150.000000 -0.487378 0.020000
-225.000000 -375.000000 -150.000000 -0.645829 0.020000
-150.000000 -375.000000 -150.000000 -0.782414 0.020000
-75.000000 -375.000000 -150.000000 -0.845546 0.020000
0.000000 -375.000000 -150.000000 -0.875128 0.020000
75.000000 -375.000000 -150.000000 -0.899560 0.020000
150.000000 -375.000000 -150.000000 -0.778495 0.020000
225.000000 -375.000000 -150.000000 -0.653286 0.020000
300.000000 -375.000000 -150.000000 -0.489735 0.020000
375.000000 -375.000000 -150.000000 -0.339178 0.020000
450.000000 -375.000000 -150.000000 -0.177926 0.020000
525.000000 -375.000000 -150.000000 -0.103841 0.020000
600.000000 -375.000000 -150.000000 0.021643 0.020000
-600.000000 -300.000000 -150.000000 0.067053 0.020000
-525.000000 -300.000000 -150.000000 -0.033973 0.020000
-450.000000 -300.000000 -150.000000 -0.194845 0.020000
-375.000000 -300.000000 -150.000000 -0.360397 0.020000
-300.000000 -300.000000 -150.000000 -0.531387 0.020000
-225.000000 -300.000000 -150.000000 -0.698147 0.020000
-150.000000 -300.000000 -150.000000 -0.834817 0.020000
-75.000000 -300.000000 -150.000000 -0.970277 0.020000
0.000000 -300.000000 -150.000000 -1.014853 0.020000
75.000000 -300.000000 -150.000000 -0.984140 0.020000
150.000000 -300.000000 -150.000000 -0.865532 0.020000
225.000000 -300.000000 -150.000000 -0.734616 0.020000
300.000000 -300.000000 -150.000000 -0.509802 0.020000
375.000000 -300.000000 -150.000000 -0.353610 0.020000
450.000000 -300.000000 -150.000000 -0.174358 0.020000
525.000000 -300.000000 -150.000000 -0.092620 0.020000
600.000000 -300.000000 -150.000000 0.012959 0.020000
-600.000000 -225.000000 -150.000000 0.040101 0.020000
-525.000000 -225.000000 -150.000000 -0.090090 0.020000
-450.000000 -225.000000 -150.000000 -0.179659 0.020000
-375.000000 -225.000000 -150.000000 -0.366643 0.020000
-300.000000 -225.000000 -150.000000 -0.523290 0.020000
-225.000000 -225.000000 -150.000000 -0.794058 0.020000
-150.000000 -225.000000 -150.000000 -0.921168 0.020000
-75.000000 -225.000000 -150.000000 -1.070180 0.020000
0.000000 -225.000000 -150.000000 -1.085112 0.020000
75.000000 -225.000000 -150.000000 -1.085694 0.020000
150.000000 -225.000000 -150.000000 -0.924440 0.020000
225.000000 -225.000000 -150.000000 -0.754283 0.020000
300.000000 -225.000000 -150.000000 -0.552433 0.020000
375.000000 -225.000000 -150.000000 -0.362562 0.020000
450.000000 -225.000000 -150.000000 -0.197636 0.020000
525.000000 -225.000000 -150.000000 -0.054883 0.020000
600.000000 -225.000000 -150.000000 0.068984 0.020000
-600.000000 -150.000000 -150.000000 0.088670 0.020000
-525.000000 -150.000000 -150.000000 0.006859 0.020000
-450.000000 -150.000000 -150.000000 -0.165757 0.020000
-375.000000 -150.000000 -150.000000 -0.371497 0.020000
-300.000000 -150.000000 -150.000000 -0.558130 0.020000
-225.000000 -150.000000 -150.000000 -0.826961 0.020000
-150.000000 -150.000000 -150.000000 -0.993783 0.020000
-75.000000 -150.000000 -150.000000 -1.130988 0.020000
0.000000 -150.000000 -150.000000 -1.206881 0.020000
75.000000 -150.000000 -150.000000 -1.101352 0.020000
150.000000 -150.000000 -150.000000 -1.003267 0.020000
225.000000 -150.000000 -150.000000 -0.781861 0.020000
300.000000 -150.000000 -150.000000 -0.595913 0.020000
375.000000 -150.000000 -150.000000 -0.324847 0.020000
450.000000 -150.000000 -150.000000 -0.184852 0.020000
525.000000 -150.000000 -150.000000 -0.030646 0.020000
600.000000 -150.000000 -150.000000 0.075495 0.020000
-600.000000 -75.000000 -150.000000 0.096548 0.020000
-525.000000 -75.000000 -150.000000 -0.001072 0.020000
-450.000000 -75.000000 -150.000000 -0.149177 0.020000
-375.000000 -75.000000 -150.000000 -0.367093 0.020000
-300.000000 -75.000000 -150.000000 -0.592910 0.020000
-225.000000 -75.000000 -150.000000 -0.856217 0.020000
-150.000000 -75.000000 -150.000000 -1.041713 0.020000
-75.000000 -75.000000 -150.000000 -1.196192 0.020000
0.000000 -75.000000 -150.000000 -1.227989 0.020000
75.000000 -75.000000 -150.000000 -1.177044 0.020000
150.000000 -75.000000 -150.000000 -1.032444 0.020000
225.000000 -75.000000 -150.000000 -0.827778 0.020000
300.000000 -75.000000 -150.000000 -0.559157 0.020000
375.000000 -75.000000 -150.000000 -0.368784 0.020000
450.000000 -75.000000 -150.000000 -0.158295 0.020000
525.000000 -75.000000 -150.000000 -0.026718 0.020000
600.000000 -75.000000 -150.000000 0.094093 0.020000
-600.000000 0.000000 -150.000000 0.096520 0.020000
-525.000000 0.000000 -150.000000 -0.009294 0.020000
-450.000000 0.000000 -150.000000 -0.195185 0.020000
-375.000000 0.000000 -150.000000 -0.325304 0.020000
-300.000000 0.000000 -150.000000 -0.598741 0.020000
-225.000000 0.000000 -150.000000 -0.848433 0.020000
-150.000000 0.000000 -150.000000 -1.040501 0.020000
-75.000000 0.000000 -150.000000 -1.180093 0.020000
0.000000 0.000000 -150.000000 -1.261845 0.020000
75.000000 0.000000 -150.000000 -1.183785 0.020000
150.000000 0.000000 -150.000000 -1.033509 0.020000
225.000000 0.000000 -150.000000 -0.826120 0.020000
300.000000 0.000000 -150.000000 -0.612511 0.020000
375.000000 0.000000 -150.000000 -0.374887 0.020000
450.000000 0.000000 -150.000000 -0.189477 0.020000
525.000000 0.000000 -150.000000 0.001884 0.020000
600.000000 0.000000 -150.000000 0.074411 0.020000
-600.000000 75.000000 -150.000000 0.099725 0.020000
-525.000000 75.000000 -150.000000 -0.028454 0.020000
-450.000000 75.000000 -150.000000 -0.143841 0.020000
-375.000000 75.000000 -150.000000 -0.385982 0.020000
-300.000000 75.000000 -150.000000 -0.592305 0.020000
-225.000000 75.000000 -150.000000 -0.843915 0.020000
-150.000000 75.000000 -150.000000 -1.031752 0.020000
-75.000000 75.000000 -150.000000 -1.198024 0.020000
0.000000 75.000000 -150.000000 -1.245396 0.020000
75.000000 75.000000 -150.000000 -1.169923 0.020000
150.000000 75.000000 -150.000000 -1.028440 0.020000
225.000000 75.000000 -150.000000 -0.847009 0.020000
300.000000 75.000000 -150.000000 -0.602235 0.020000
375.000000 75.000000 -150.000000 -0.366178 0.020000
450.000000 75.000000 -150.000000 -0.158240 0.020000
525.000000 75.000000 -150.000000 0.001166 0.020000
600.000000 75.000000 -150.000000 0.065455 0.020000
-600.000000 150.000000 -150.000000 0.073454 0.020000
-525.000000 150.000000 -150.000000 -0.001829 0.020000
-450.000000 150.000000 -150.000000 -0.203438 0.020000
-375.000000 150.000000 -150.000000 -0.345389 0.020000
-300.000000 150.000000 -150.000000 -0.598188 0.020000
-225.000000 150.000000 -150.000000 -0.800937 0.020000
-150.000000 150.000000 -150.000000 -0.986264 0.020000
-75.000000 150.000000 -150.000000 -1.129327 0.020000
0.000000 150.000000 -150.000000 -1.170581 0.020000
75.000000 150.000000 -150.000000 -1.113964 0.020000
150.000000 150.000000 -150.000000 -0.996999 0.020000
225.000000 150.000000 -150.000000 -0.761908 0.020000
300.000000 150.000000 -150.000000 -0.611251 0.020000
375.000000 150.000000 -150.000000 -0.356908 0.020000
450.000000 150.000000 -150.000000 -0.161889 0.020000
525.000000 150.000000 -150.000000 -0.056584 0.020000
600.000000 150.000000 -150.000000 0.092552 0.020000
-600.000000 225.000000 -150.000000 0.039399 0.020000
-525.000000 225.000000 -150.000000 -0.035005 0.020000
-450.000000 225.000000 -150.000000 -0.165161 0.020000
-375.000000 225.000000 -150.000000 -0.371275 0.020000
-300.000000 225.000000 -150.000000 -0.595510 0.020000
-225.000000 225.000000 -150.000000 -0.782280 0.020000
-150.000000 225.000000 -150.000000 -0.918139 0.020000
-75.000000 225.000000 -150.000000 -1.069593 0.020000
0.000000 225.000000 -150.000000 -1.121009 0.020000
75.000000 225.000000 -150.000000 -1.070539 0.020000
150.000000 225.000000 -150.000000 -0.943818 0.020000
225.000000 225.000000 -150.000000 -0.754420 0.020000
300.000000 225.000000 -150.000000 -0.552874 0.020000
375.000000 225.000000 -150.000000 -0.347549 0.020000
450.000000 225.000000 -150.000000 -0.188542 0.020000
525.000000 225.000000 -150.000000 -0.038333 0.020000
600.000000 225.000000 -150.000000 0.063324 0.020000
-600.000000 300.000000 -150.000000 -0.035537 0.020000
-525.000000 300.000000 -150.000000 -0.071694 0.020000
-450.000000 300.000000 -150.000000 -0.181416 0.020000
-375.000000 300.000000 -150.000000 -0.326291 0.020000
-300.000000 300.000000 -150.000000 -0.499791 0.020000
-225.000000 300.000000 -150.000000 -0.678574 0.020000
-150.000000 300.000000 -150.000000 -0.858605 0.020000
-75.000000 300.000000 -150.000000 -0.981721 0.020000
0.000000 300.000000 -150.000000 -0.976933 0.020000
75.000000 300.000000 -150.000000 -0.968164 0.020000
150.000000 300.000000 -150.000000 -0.879902 0.020000
225.000000 300.000000 -150.000000 -0.750957 0.020000
300.000000 300.000000 -150.000000 -0.542201 0.020000
375.000000 300.000000 -150.000000 -0.353698 0.020000
450.000000 300.000000 -150.000000 -0.203875 0.020000
525.000000 300.000000 -150.000000 -0.059660 0.020000
600.000000 300.000000 -150.000000 0.017313 0.020000
-600.000000 375.000000 -150.000000 -0.021978 0.020000
-525.000000 375.000000 -150.000000 -0.075867 0.020000
-450.000000 375.000000 -150.000000 -0.171688 0.020000
-375.000000 375.000000 -150.000000 -0.337735 0.020000
-300.000000 375.000000 -150.000000 -0.499039 0.020000
-225.000000 375.000000 -150.000000 -0.656437 0.020000
-150.000000 375.000000 -150.000000 -0.786153 0.020000
-75.000000 375.000000 -150.000000 -0.874129 0.020000
0.000000 375.000000 -150.000000 -0.893940 0.020000
75.000000 375.000000 -150.000000 -0.883573 0.020000
150.000000 375.000000 -150.000000 -0.760329 0.020000
225.000000 375.000000 -150.000000 -0.648865 0.020000
300.000000 375.000000 -150.000000 -0.509687 0.020000
375.000000 375.000000 -150.000000 -0.369317 0.020000
450.000000 375.000000 -150.000000 -0.223536 0.020000
525.000000 375.000000 -150.000000 -0.075921 0.020000
600.000000 375.000000 -150.000000 0.024520 0.020000
-600.000000 450.000000 -150.000000 -0.041230 0.020000
-525.000000 450.000000 -150.000000 -0.121404 0.020000
-450.000000 450.000000 -150.000000 -0.220334 0.020000
-375.000000 450.000000 -150.000000 -0.347265 0.020000
-300.000000 450.000000 -150.000000 -0.488306 0.020000
-225.000000 450.000000 -150.000000 -0.605321 0.020000
-150.000000 450.000000 -150.000000 -0.716354 0.020000
-75.000000 450.000000 -150.000000 -0.750951 0.020000
0.000000 450.000000 -150.000000 -0.789011 0.020000
75.000000 450.000000 -150.000000 -0.755963 0.020000
150.000000 450.000000 -150.000000 -0.688675 0.020000
225.000000 450.000000 -150.000000 -0.612996 0.020000
300.000000 450.000000 -150.000000 -0.456963 0.020000
375.000000 450.000000 -150.000000 -0.309908 0.020000
450.000000 450.000000 -150.000000 -0.214125 0.020000
525.000000 450.000000 -150.000000 -0.100064 0.020000
600.000000 450.000000 -150.000000 0.002424 0.020000
-600.000000 525.000000 -150.000000 -0.030759 0.020000
-525.000000 525.000000 -150.000000 -0.097570 0.020000
-450.000000 525.000000 -150.000000 -0.193281 0.020000
-375.000000 525.000000 -150.000000 -0.336089 0.020000
-300.000000 525.000000 -150.000000 -0.431063 0.020000
-225.000000 525.000000 -150.000000 -0.493390 0.020000
-150.000000 525.000000 -150.000000 -0.615852 0.020000
-75.000000 525.000000 -150.000000 -0.652600 0.020000
0.000000 525.000000 -150.000000 -0.698875 0.020000
75.000000 525.000000 -150.000000 -0.673178 0.020000
150.000000 525.000000 -150.000000 -0.648741 0.020000
225.000000 525.000000 -150.000000 -0.525955 0.020000
300.000000 525.000000 -150.000000 -0.385573 0.020000
375.000000 525.000000 -150.000000 -0.303362 0.020000
450.000000 525.000000 -150.000000 -0.258730 0.020000
525.000000 525.000000 -150.000000 -0.104509 0.020000
600.000000 525.000000 -150.000000 -0.047306 0.020000
-600.000000 600.000000 -150.000000 -0.087415 0.020000
-525.000000 600.000000 -150.000000 -0.100602 0.020000
-450.000000 600.000000 -150.000000 -0.198667 0.020000
-375.000000 600.000000 -150.000000 -0.320968 0.020000
-300.000000 600.000000 -150.000000 -0.367504 0.020000
-225.000000 600.000000 -150.000000 -0.433915 0.020000
-150.000000 600.000000 -150.000000 -0.552324 0.020000
-75.000000 600.000000 -150.000000 -0.601441 0.020000
0.000000 600.000000 -150.000000 -0.630237 0.020000
75.000000 600.000000 -150.000000 -0.586839 0.020000
150.000000 600.000000 -150.000000 -0.557708 0.020000
225.000000 600.000000 -150.000000 -0.457337 0.020000
300.000000 600.000000 -150.000000 -0.391457 0.020000
375.000000 600.000000 -150.000000 -0.321691 0.020000
450.000000 600.000000 -150.000000 -0.210008 0.020000
525.000000 600.000000 -150.000000 -0.126305 0.020000
600.000000 600.000000 -150.000000 -0.048066 0.020000
