-600.000000 -600.000000 -150.000000 0.340466 0.020000
-525.000000 -600.000000 -150.000000 0.318349 0.020000
-450.000000 -600.000000 -150.000000 0.335802 0.020000
-375.000000 -600.000000 -150.000000 0.304300 0.020000
-300.000000 -600.000000 -150.000000 0.291518 0.020000
-225.000000 -600.000000 -150.000000 0.255761 0.020000
-150.000000 -600.000000 -150.000000 0.184135 0.020000
-75.000000 -600.000000 -150.000000 0.091882 0.020000
0.000000 -600.000000 -150.000000 0.003174 0.020000
75.000000 -600.000000 -150.000000 -0.083219 0.020000
150.000000 -600.000000 -150.000000 -0.131944 0.020000
225.000000 -600.000000 -150.000000 -0.231714 0.020000
300.000000 -600.000000 -150.000000 -0.325825 0.020000
375.000000 -600.000000 -150.000000 -0.350402 0.020000
450.000000 -600.000000 -150.000000 -0.317705 0.020000
525.000000 -600.000000 -150.000000 -0.342900 0.020000
600.000000 -600.000000 -150.000000 -0.337056 0.020000
-600.000000 -525.000000 -150.000000 0.363805 0.020000
-525.000000 -525.000000 -150.000000 0.331423 0.020000
-450.000000 -525.000000 -150.000000 0.329890 0.020000
-375.000000 -525.000000 -150.000000 0.311207 0.020000
-300.000000 -525.000000 -150.000000 0.319872 0.020000
-225.000000 -525.000000 -150.000000 0.278658 0.020000
-150.000000 -525.000000 -150.000000 0.173382 0.020000
-75.000000 -525.000000 -150.000000 0.106432 0.020000
0.000000 -525.000000 -150.000000 0.015734 0.020000
75.000000 -525.000000 -150.000000 -0.108931 0.020000
150.000000 -525.000000 -150.000000 -0.180342 0.020000
225.000000 -525.000000 -150.000000 -0.236117 0.020000
300.000000 -525.000000 -150.000000 -0.311984 0.020000
375.000000 -525.000000 -150.000000 -0.305108 0.020000
450.000000 -525.000000 -150.000000 -0.331842 0.020000
525.000000 -525.000000 -150.000000 -0.321725 0.020000
600.000000 -525.000000 -150.000000 -0.318344 0.020000
-600.000000 -450.000000 -150.000000 0.325990 0.020000
-525.000000 -450.000000 -150.000000 0.326479 0.020000
-450.000000 -450.000000 -150.000000 0.374383 0.020000
-375.000000 -450.000000 -150.000000 0.330933 0.020000
-300.000000 -450.000000 -150.000000 0.306669 0.020000
-225.000000 -450.000000 -150.000000 0.272982 0.020000
-150.000000 -450.000000 -150.000000 0.224438 0.020000
-75.000000 -450.000000 -150.000000 0.087550 0.020000
0.000000 -450.000000 -150.000000 0.033087 0.020000
75.000000 -450.000000 -150.000000 -0.081725 0.020000
150.000000 -450.000000 -150.000000 -0.189522 0.020000
225.000000 -450.000000 -150.000000 -0.258147 0.020000
300.000000 -450.000000 -150.000000 -0.326925 0.020000
375.000000 -450.000000 -150.000000 -0.323427 0.020000
450.000000 -450.000000 -150.000000 -0.374664 0.020000
525.000000 -450.000000 -150.000000 -0.329715 0.020000
600.000000 -450.000000 -150.000000 -0.295969 0.020000
-600.000000 -375.000000 -150.000000 0.305480 0.020000
-525.000000 -375.000000 -150.000000 0.314532 0.020000
-450.000000 -375.000000 -150.000000 0.318434 0.020000
-375.000000 -375.000000 -150.000000 0.368116 0.020000
-300.000000 -375.000000 -150.000000 0.312112 0.020000
-225.000000 -375.000000 -150.000000 0.263868 0.020000
-150.000000 -375.000000 -150.000000 0.181263 0.020000
-75.000000 -375.000000 -150.000000 0.123898 0.020000
0.000000 -375.000000 -150.000000 0.012020 0.020000
75.000000 -375.000000 -150.000000 -0.100261 0.020000
150.000000 -375.000000 -150.000000 -0.186159 0.020000
225.000000 -375.000000 -150.000000 -0.220718 0.020000
300.000000 -375.000000 -150.000000 -0.324453 0.020000
375.000000 -375.000000 -150.000000 -0.362687 0.020000
450.000000 -375.000000 -150.000000 -0.363003 0.020000
525.000000 -375.000000 -150.000000 -0.371658 0.020000
600.000000 -375.000000 -150.000000 -0.280196 0.020000
-600.000000 -300.000000 -150.000000 0.270841 0.020000
-525.000000 -300.000000 -150.000000 0.270597 0.020000
-450.000000 -300.000000 -150.000000 0.343808 0.020000
-375.000000 -300.000000 -150.000000 0.331328 0.020000
-300.000000 -300.000000 -150.000000 0.312814 0.020000
-225.000000 -300.000000 -150.000000 0.270155 0.020000
-150.000000 -300.000000 -150.000000 0.181477 0.020000
-75.000000 -300.000000 -150.000000 0.080265 0.020000
0.000000 -300.000000 -150.000000 -0.011179 0.020000
75.000000 -300.000000 -150.000000 -0.108433 0.020000
150.000000 -300.000000 -150.000000 -0.205025 0.020000
225.000000 -300.000000 -150.000000 -0.273548 0.020000
300.000000 -300.000000 -150.000000 -0.254479 0.020000
375.000000 -300.000000 -150.000000 -0.304719 0.020000
450.000000 -300.000000 -150.000000 -0.330430 0.020000
525.000000 -300.000000 -150.000000 -0.302690 0.020000
600.000000 -300.000000 -150.000000 -0.259890 0.020000
-600.000000 -225.000000 -150.000000 0.213077 0.020000
-525.000000 -225.000000 -150.000000 0.266758 0.020000
-450.000000 -225.000000 -150.000000 0.268970 0.020000
-375.000000 -225.000000 -150.000000 0.255053 0.020000
-300.000000 -225.000000 -150.000000 0.257103 0.020000
-225.000000 -225.000000 -150.000000 0.202920 0.020000
-150.000000 -225.000000 -150.000000 0.204095 0.020000
-75.000000 -225.000000 -150.000000 0.086939 0.020000
0.000000 -225.000000 -150.000000 -0.025310 0.020000
75.000000 -225.000000 -150.000000 -0.125933 0.020000
150.000000 -225.000000 -150.000000 -0.133973 0.020000
225.000000 -225.000000 -150.000000 -0.194000 0.020000
300.000000 -225.000000 -150.000000 -0.265509 0.020000
375.000000 -225.000000 -150.000000 -0.276166 0.020000
450.000000 -225.000000 -150.000000 -0.309943 0.020000
525.000000 -225.000000 -150.000000 -0.256179 0.020000
600.000000 -225.000000 -150.000000 -0.221354 0.020000
-600.000000 -150.000000 -150.000000 0.202882 0.020000
-525.000000 -150.000000 -150.000000 0.205258 0.020000
-450.000000 -150.000000 -150.000000 0.220690 0.020000
-375.000000 -150.000000 -150.000000 0.167719 0.020000
-300.000000 -150.000000 -150.000000 0.234837 0.020000
-225.000000 -150.000000 -150.000000 0.149964 0.020000
-150.000000 -150.000000 -150.000000 0.110908 0.020000
-75.000000 -150.000000 -150.000000 0.047994 0.020000
0.000000 -150.000000 -150.000000 0.005880 0.020000
75.000000 -150.000000 -150.000000 -0.030423 0.020000
150.000000 -150.000000 -150.000000 -0.081003 0.020000
225.000000 -150.000000 -150.000000 -0.176492 0.020000
300.000000 -150.000000 -150.000000 -0.190784 0.020000
375.000000 -150.000000 -150.000000 -0.235493 0.020000
450.000000 -150.000000 -150.000000 -0.200105 0.020000
525.000000 -150.000000 -150.000000 -0.174073 0.020000
600.000000 -150.000000 -150.000000 -0.223738 0.020000
-600.000000 -75.000000 -150.000000 0.072705 0.020000
-525.000000 -75.000000 -150.000000 0.086978 0.020000
-450.000000 -75.000000 -150.000000 0.118889 0.020000
-375.000000 -75.000000 -150.000000 0.132816 0.020000
-300.000000 -75.000000 -150.000000 0.126956 0.020000
-225.000000 -75.000000 -150.000000 0.110137 0.020000
-150.000000 -75.000000 -150.000000 0.060087 0.020000
-75.000000 -75.000000 -150.000000 0.031223 0.020000
0.000000 -75.000000 -150.000000 -0.018762 0.020000
75.000000 -75.000000 -150.000000 -0.021508 0.020000
150.000000 -75.000000 -150.000000 -0.089983 0.020000
225.000000 -75.000000 -150.000000 -0.098759 0.020000
300.000000 -75.000000 -150.000000 -0.061667 0.020000
375.000000 -75.000000 -150.000000 -0.104052 0.020000
450.000000 -75.000000 -150.000000 -0.125381 0.020000
525.000000 -75.000000 -150.000000 -0.080253 0.020000
600.000000 -75.000000 -150.000000 -0.078013 0.020000
-600.000000 0.000000 -150.000000 -0.022524 0.020000
-525.000000 0.000000 -150.000000 0.002509 0.020000
-450.000000 0.000000 -150.000000 0.011197 0.020000
-375.000000 0.000000 -150.000000 -0.015017 0.020000
-300.000000 0.000000 -150.000000 -0.016160 0.020000
-225.000000 0.000000 -150.000000 -0.012382 0.020000
-150.000000 0.000000 -150.000000 0.003658 0.020000
-75.000000 0.000000 -150.000000 0.002769 0.020000
0.000000 0.000000 -150.000000 0.007165 0.020000
75.000000 0.000000 -150.000000 -0.018017 0.020000
150.000000 0.000000 -150.000000 -0.019709 0.020000
225.000000 0.000000 -150.000000 0.033419 0.020000
300.000000 0.000000 -150.000000 -0.029707 0.020000
375.000000 0.000000 -150.000000 -0.028644 0.020000
450.000000 0.000000 -150.000000 0.025089 0.020000
525.000000 0.000000 -150.000000 -0.020833 0.020000
600.000000 0.000000 -150.000000 -0.013884 0.020000
-600.000000 75.000000 -150.000000 -0.098824 0.020000
-525.000000 75.000000 -150.000000 -0.073021 0.020000
-450.000000 75.000000 -150.000000 -0.131725 0.020000
-375.000000 75.000000 -150.000000 -0.092847 0.020000
-300.000000 75.000000 -150.000000 -0.140482 0.020000
-225.000000 75.000000 -150.000000 -0.102250 0.020000
-150.000000 75.000000 -150.000000 -0.051788 0.020000
-75.000000 75.000000 -150.000000 -0.057003 0.020000
0.000000 75.000000 -150.000000 -0.024488 0.020000
75.000000 75.000000 -150.000000 0.047675 0.020000
150.000000 75.000000 -150.000000 0.061688 0.020000
225.000000 75.000000 -150.000000 0.088322 0.020000
300.000000 75.000000 -150.000000 0.140152 0.020000
375.000000 75.000000 -150.000000 0.084932 0.020000
450.000000 75.000000 -150.000000 0.102836 0.020000
525.000000 75.000000 -150.000000 0.118875 0.020000
600.000000 75.000000 -150.000000 0.070609 0.020000
-600.000000 150.000000 -150.000000 -0.185267 0.020000
-525.000000 150.000000 -150.000000 -0.161509 0.020000
-450.000000 150.000000 -150.000000 -0.215921 0.020000
-375.000000 150.000000 -150.000000 -0.207677 0.020000
-300.000000 150.000000 -150.000000 -0.188733 0.020000
-225.000000 150.000000 -150.000000 -0.176948 0.020000
-150.000000 150.000000 -150.000000 -0.140879 0.020000
-75.000000 150.000000 -150.000000 -0.060676 0.020000
0.000000 150.000000 -150.000000 -0.019587 0.020000
75.000000 150.000000 -150.000000 0.076220 0.020000
150.000000 150.000000 -150.000000 0.143204 0.020000
225.000000 150.000000 -150.000000 0.161928 0.020000
300.000000 150.000000 -150.000000 0.188785 0.020000
375.000000 150.000000 -150.000000 0.216101 0.020000
450.000000 150.000000 -150.000000 0.170025 0.020000
525.000000 150.000000 -150.000000 0.164325 0.020000
600.000000 150.000000 -150.000000 0.152841 0.020000
-600.000000 225.000000 -150.000000 -0.224058 0.020000
-525.000000 225.000000 -150.000000 -0.276074 0.020000
-450.000000 225.000000 -150.000000 -0.259459 0.020000
-375.000000 225.000000 -150.000000 -0.244755 0.020000
-300.000000 225.000000 -150.000000 -0.287494 0.020000
-225.000000 225.000000 -150.000000 -0.265210 0.020000
-150.000000 225.000000 -150.000000 -0.167548 0.020000
-75.000000 225.000000 -150.000000 -0.106727 0.020000
0.000000 225.000000 -150.000000 -0.011609 0.020000
75.000000 225.000000 -150.000000 0.112722 0.020000
150.000000 225.000000 -150.000000 0.159369 0.020000
225.000000 225.000000 -150.000000 0.208970 0.020000
300.000000 225.000000 -150.000000 0.279614 0.020000
375.000000 225.000000 -150.000000 0.270781 0.020000
450.000000 225.000000 -150.000000 0.256347 0.020000
525.000000 225.000000 -150.000000 0.279154 0.020000
600.000000 225.000000 -150.000000 0.223113 0.020000
-600.000000 300.000000 -150.000000 -0.282056 0.020000
-525.000000 300.000000 -150.000000 -0.340114 0.020000
-450.000000 300.000000 -150.000000 -0.287543 0.020000
-375.000000 300.000000 -150.000000 -0.304060 0.020000
-300.000000 300.000000 -150.000000 -0.293164 0.020000
-225.000000 300.000000 -150.000000 -0.232340 0.020000
-150.000000 300.000000 -150.000000 -0.201656 0.020000
-75.000000 300.000000 -150.000000 -0.128088 0.020000
0.000000 300.000000 -150.000000 -0.004335 0.020000
75.000000 300.000000 -150.000000 0.090260 0.020000
150.000000 300.000000 -150.000000 0.200078 0.020000
225.000000 300.000000 -150.000000 0.265127 0.020000
300.000000 300.000000 -150.000000 0.315944 0.020000
375.000000 300.000000 -150.000000 0.319045 0.020000
450.000000 300.000000 -150.000000 0.331720 0.020000
525.000000 300.000000 -150.000000 0.343884 0.020000
600.000000 300.000000 -150.000000 0.265708 0.020000
-600.000000 375.000000 -150.000000 -0.338728 0.020000
-525.000000 375.000000 -150.000000 -0.350061 0.020000
-450.000000 375.000000 -150.000000 -0.378263 0.020000
-375.000000 375.000000 -150.000000 -0.338845 0.020000
-300.000000 375.000000 -150.000000 -0.324491 0.020000
-225.000000 375.000000 -150.000000 -0.293824 0.020000
-150.000000 375.000000 -150.000000 -0.183943 0.020000
-75.000000 375.000000 -150.000000 -0.101663 0.020000
0.000000 375.000000 -150.000000 0.016776 0.020000
75.000000 375.000000 -150.000000 0.057168 0.020000
150.000000 375.000000 -150.000000 0.145428 0.020000
225.000000 375.000000 -150.000000 0.288927 0.020000
300.000000 375.000000 -150.000000 0.308803 0.020000
375.000000 375.000000 -150.000000 0.338577 0.020000
450.000000 375.000000 -150.000000 0.365543 0.020000
525.000000 375.000000 -150.000000 0.333707 0.020000
600.000000 375.000000 -150.000000 0.271857 0.020000
-600.000000 450.000000 -150.000000 -0.319001 0.020000
-525.000000 450.000000 -150.000000 -0.342073 0.020000
-450.000000 450.000000 -150.000000 -0.362241 0.020000
-375.000000 450.000000 -150.000000 -0.371641 0.020000
-300.000000 450.000000 -150.000000 -0.318176 0.020000
-225.000000 450.000000 -150.000000 -0.278811 0.020000
-150.000000 450.000000 -150.000000 -0.191936 0.020000
-75.000000 450.000000 -150.000000 -0.116881 0.020000
0.000000 450.000000 -150.000000 0.002724 0.020000
75.000000 450.000000 -150.000000 0.109148 0.020000
150.000000 450.000000 -150.000000 0.209655 0.020000
225.000000 450.000000 -150.000000 0.270517 0.020000
300.000000 450.000000 -150.000000 0.298700 0.020000
375.000000 450.000000 -150.000000 0.317370 0.020000
450.000000 450.000000 -150.000000 0.379211 0.020000
525.000000 450.000000 -150.000000 0.353226 0.020000
600.000000 450.000000 -150.000000 0.277863 0.020000
-600.000000 525.000000 -150.000000 -0.339394 0.020000
-525.000000 525.000000 -150.000000 -0.340570 0.020000
-450.000000 525.000000 -150.000000 -0.335204 0.020000
-375.000000 525.000000 -150.000000 -0.322230 0.020000
-300.000000 525.000000 -150.000000 -0.315628 0.020000
-225.000000 525.000000 -150.000000 -0.255176 0.020000
-150.000000 525.000000 -150.000000 -0.147122 0.020000
-75.000000 525.000000 -150.000000 -0.107849 0.020000
0.000000 525.000000 -150.000000 0.027835 0.020000
75.000000 525.000000 -150.000000 0.097778 0.020000
150.000000 525.000000 -150.000000 0.183210 0.020000
225.000000 525.000000 -150.000000 0.251568 0.020000
300.000000 525.000000 -150.000000 0.307422 0.020000
375.000000 525.000000 -150.000000 0.332959 0.020000
450.000000 525.000000 -150.000000 0.334515 0.020000
525.000000 525.000000 -150.000000 0.337222 0.020000
600.000000 525.000000 -150.000000 0.325791 0.020000
-600.000000 600.000000 -150.000000 -0.339229 0.020000
-525.000000 600.000000 -150.000000 -0.318495 0.020000
-450.000000 600.000000 -150.000000 -0.334789 0.020000
-375.000000 600.000000 -150.000000 -0.306202 0.020000
-300.000000 600.000000 -150.000000 -0.273725 0.020000
-225.000000 600.000000 -150.000000 -0.275825 0.020000
-150.000000 600.000000 -150.000000 -0.163347 0.020000
-75.000000 600.000000 -150.000000 -0.061011 0.020000
0.000000 600.000000 -150.000000 -0.012515 0.020000
75.000000 600.000000 -150.000000 0.079431 0.020000
150.000000 600.000000 -150.000000 0.167895 0.020000
225.000000 600.000000 -150.000000 0.251282 0.020000
300.000000 600.000000 -150.000000 0.311534 0.020000
375.000000 600.000000 -150.000000 0.336077 0.020000
450.000000 600.000000 -150.000000 0.333993 0.020000
525.000000 600.000000 -150.000000 0.316263 0.020000
600.000000 600.000000 -150.000000 0.294140 0.020000
