-600.000000 -600.000000 -150.000000 0.401671 0.020000
-525.000000 -600.000000 -150.000000 0.365936 0.020000
-450.000000 -600.000000 -150.000000 0.425026 0.020000
-375.000000 -600.000000 -150.000000 0.410356 0.020000
-300.000000 -600.000000 -150.000000 0.340871 0.020000
-225.000000 -600.000000 -150.000000 0.291447 0.020000
-150.000000 -600.000000 -150.000000 0.204848 0.020000
-75.000000 -600.000000 -150.000000 0.090109 0.020000
0.000000 -600.000000 -150.000000 0.025854 0.020000
75.000000 -600.000000 -150.000000 -0.122684 0.020000
150.000000 -600.000000 -150.000000 -0.251131 0.020000
225.000000 -600.000000 -150.000000 -0.286317 0.020000
300.000000 -600.000000 -150.000000 -0.350696 0.020000
375.000000 -600.000000 -150.000000 -0.364571 0.020000
450.000000 -600.000000 -150.000000 -0.398256 0.020000
525.000000 -600.000000 -150.000000 -0.378281 0.020000
600.000000 -600.000000 -150.000000 -0.416973 0.020000
-600.000000 -525.000000 -150.000000 0.452505 0.020000
-525.000000 -525.000000 -150.000000 0.509417 0.020000
-450.000000 -525.000000 -150.000000 0.499031 0.020000
-375.000000 -525.000000 -150.000000 0.451625 0.020000
-300.000000 -525.000000 -150.000000 0.400467 0.020000
-225.000000 -525.000000 -150.000000 0.340414 0.020000
-150.000000 -525.000000 -150.000000 0.244279 0.020000
-75.000000 -525.000000 -150.000000 0.129422 0.020000
0.000000 -525.000000 -150.000000 -0.007377 0.020000
75.000000 -525.000000 -150.000000 -0.148302 0.020000
150.000000 -525.000000 -150.000000 -0.248305 0.020000
225.000000 -525.000000 -150.000000 -0.320694 0.020000
300.000000 -525.000000 -150.000000 -0.416629 0.020000
375.000000 -525.000000 -150.000000 -0.522970 0.020000
450.000000 -525.000000 -150.000000 -0.506553 0.020000
525.000000 -525.000000 -150.000000 -0.510806 0.020000
600.000000 -525.000000 -150.000000 -0.467749 0.020000
-600.000000 -450.000000 -150.000000 0.485559 0.020000
-525.000000 -450.000000 -150.000000 0.583978 0.020000
-450.000000 -450.000000 -150.000000 0.591521 0.020000
-375.000000 -450.000000 -150.000000 0.584485 0.020000
-300.000000 -450.000000 -150.000000 0.528422 0.020000
-225.000000 -450.000000 -150.000000 0.428606 0.020000
-150.000000 -450.000000 -150.000000 0.306026 0.020000
-75.000000 -450.000000 -150.000000 0.194735 0.020000
0.000000 -450.000000 -150.000000 0.005383 0.020000
75.000000 -450.000000 -150.000000 -0.147188 0.020000
150.000000 -450.000000 -150.000000 -0.328839 0.020000
225.000000 -450.000000 -150.000000 -0.425376 0.020000
300.000000 -450.000000 -150.000000 -0.548523 0.020000
375.000000 -450.000000 -150.000000 -0.602175 0.020000
450.000000 -450.000000 -150.000000 -0.573428 0.020000
525.000000 -450.000000 -150.000000 -0.553381 0.020000
600.000000 -450.000000 -150.000000 -0.560285 0.020000
-600.000000 -375.000000 -150.000000 0.592408 0.020000
-525.000000 -375.000000 -150.000000 0.672973 0.020000
-450.000000 -375.000000 -150.000000 0.690152 0.020000
-375.000000 -375.000000 -150.000000 0.681702 0.020000
-300.000000 -375.000000 -150.000000 0.650535 0.020000
-225.000000 -375.000000 -150.000000 0.556502 0.020000
-150.000000 -375.000000 -150.000000 0.402549 0.020000
-75.000000 -375.000000 -150.000000 0.207818 0.020000
0.000000 -375.000000 -150.000000 0.049586 0.020000
75.000000 -375.000000 -150.000000 -0.212518 0.020000
150.000000 -375.000000 -150.000000 -0.417674 0.020000
225.000000 -375.000000 -150.000000 -0.536863 0.020000
300.000000 -375.000000 -150.000000 -0.617573 0.020000
375.000000 -375.000000 -150.000000 -0.642795 0.020000
450.000000 -375.000000 -150.000000 -0.712551 0.020000
525.000000 -375.000000 -150.000000 -0.620260 0.020000
600.000000 -375.000000 -150.000000 -0.622932 0.020000
-600.000000 -300.000000 -150.000000 0.729085 0.020000
-525.000000 -300.000000 -150.000000 0.735063 0.020000
-450.000000 -300.000000 -150.000000 0.805816 0.020000
-375.000000 -300.000000 -150.000000 0.791878 0.020000
-300.000000 -300.000000 -150.000000 0.735922 0.020000
-225.000000 -300.000000 -150.000000 0.613869 0.020000
-150.000000 -300.000000 -150.000000 0.467347 0.020000
-75.000000 -300.000000 -150.000000 0.270949 0.020000
0.000000 -300.000000 -150.000000 0.029722 0.020000
75.000000 -300.000000 -150.000000 -0.244739 0.020000
150.000000 -300.000000 -150.000000 -0.498532 0.020000
225.000000 -300.000000 -150.000000 -0.658828 0.020000
300.000000 -300.000000 -150.000000 -0.762225 0.020000
375.000000 -300.000000 -150.000000 -0.832504 0.020000
450.000000 -300.000000 -150.000000 -0.767710 0.020000
525.000000 -300.000000 -150.000000 -0.754327 0.020000
600.000000 -300.000000 -150.000000 -0.698742 0.020000
-600.000000 -225.000000 -150.000000 0.744639 0.020000
-525.000000 -225.000000 -150.000000 0.816233 0.020000
-450.000000 -225.000000 -150.000000 0.875583 0.020000
-375.000000 -225.000000 -150.000000 0.896592 0.020000
-300.000000 -225.000000 -150.000000 0.889010 0.020000
-225.000000 -225.000000 -150.000000 0.781207 0.020000
-150.000000 -225.000000 -150.000000 0.558380 0.020000
-75.000000 -225.000000 -150.000000 0.280919 0.020000
0.000000 -225.000000 -150.000000 0.003165 0.020000
75.000000 -225.000000 -150.000000 -0.300612 0.020000
150.000000 -225.000000 -150.000000 -0.569941 0.020000
225.000000 -225.000000 -150.000000 -0.803986 0.020000
300.000000 -225.000000 -150.000000 -0.875645 0.020000
375.000000 -225.000000 -150.000000 -0.928760 0.020000
450.000000 -225.000000 -150.000000 -0.881367 0.020000
525.000000 -225.000000 -150.000000 -0.837061 0.020000
600.000000 -225.000000 -150.000000 -0.747507 0.020000
-600.000000 -150.000000 -150.000000 0.802694 0.020000
-525.000000 -150.000000 -150.000000 0.918272 0.020000
-450.000000 -150.000000 -150.000000 0.989419 0.020000
-375.000000 -150.000000 -150.000000 1.010307 0.020000
-300.000000 -150.000000 -150.000000 0.968477 0.020000
-225.000000 -150.000000 -150.000000 0.841953 0.020000
-150.000000 -150.000000 -150.000000 0.612753 0.020000
-75.000000 -150.000000 -150.000000 0.318444 0.020000
0.000000 -150.000000 -150.000000 -0.008518 0.020000
75.000000 -150.000000 -150.000000 -0.338906 0.020000
150.000000 -150.000000 -150.000000 -0.614090 0.020000
225.000000 -150.000000 -150.000000 -0.825291 0.020000
300.000000 -150.000000 -150.000000 -0.975862 0.020000
375.000000 -150.000000 -150.000000 -0.998116 0.020000
450.000000 -150.000000 -150.000000 -0.979808 0.020000
525.000000 -150.000000 -150.000000 -0.896998 0.020000
600.000000 -150.000000 -150.000000 -0.783286 0.020000
-600.000000 -75.000000 -150.000000 0.872200 0.020000
-525.000000 -75.000000 -150.000000 0.954103 0.020000
-450.000000 -75.000000 -150.000000 1.059697 0.020000
-375.000000 -75.000000 -150.000000 1.044746 0.020000
-300.000000 -75.000000 -150.000000 1.037748 0.020000
-225.000000 -75.000000 -150.000000 0.851842 0.020000
-150.000000 -75.000000 -150.000000 0.663540 0.020000
-75.000000 -75.000000 -150.000000 0.361442 0.020000
0.000000 -75.000000 -150.000000 -0.029028 0.020000
75.000000 -75.000000 -150.000000 -0.375973 0.020000
150.000000 -75.000000 -150.000000 -0.659668 0.020000
225.000000 -75.000000 -150.000000 -0.920349 0.020000
300.000000 -75.000000 -150.000000 -1.022520 0.020000
375.000000 -75.000000 -150.000000 -1.082943 0.020000
450.000000 -75.000000 -150.000000 -1.028781 0.020000
525.000000 -75.000000 -150.000000 -0.964401 0.020000
600.000000 -75.000000 -150.000000 -0.868943 0.020000
-600.000000 0.000000 -150.000000 0.860138 0.020000
-525.000000 0.000000 -150.000000 0.975284 0.020000
-450.000000 0.000000 -150.000000 1.063918 0.020000
-375.000000 0.000000 -150.000000 1.102672 0.020000
-300.000000 0.000000 -150.000000 1.067576 0.020000
-225.000000 0.000000 -150.000000 0.918210 0.020000
-150.000000 0.000000 -150.000000 0.741500 0.020000
-75.000000 0.000000 -150.000000 0.350140 0.020000
0.000000 0.000000 -150.000000 -0.013681 0.020000
75.000000 0.000000 -150.000000 -0.347834 0.020000
150.000000 0.000000 -150.000000 -0.668776 0.020000
225.000000 0.000000 -150.000000 -0.901978 0.020000
300.000000 0.000000 -150.000000 -1.048943 0.020000
375.000000 0.000000 -150.000000 -1.047270 0.020000
450.000000 0.000000 -150.000000 -1.070247 0.020000
525.000000 0.000000 -150.000000 -1.012354 0.020000
600.000000 0.000000 -150.000000 -0.867686 0.020000
-600.000000 75.000000 -150.000000 0.862632 0.020000
-525.000000 75.000000 -150.000000 0.953801 0.020000
-450.000000 75.000000 -150.000000 1.043288 0.020000
-375.000000 75.000000 -150.000000 1.087815 0.020000
-300.000000 75.000000 -150.000000 1.006365 0.020000
-225.000000 75.000000 -150.000000 0.901171 0.020000
-150.000000 75.000000 -150.000000 0.688105 0.020000
-75.000000 75.000000 -150.000000 0.346423 0.020000
0.000000 75.000000 -150.000000 0.011754 0.020000
75.000000 75.000000 -150.000000 -0.401402 0.020000
150.000000 75.000000 -150.000000 -0.695821 0.020000
225.000000 75.000000 -150.000000 -0.938585 0.020000
300.000000 75.000000 -150.000000 -1.037879 0.020000
375.000000 75.000000 -150.000000 -1.084938 0.020000
450.000000 75.000000 -150.000000 -1.021869 0.020000
525.000000 75.000000 -150.000000 -0.951917 0.020000
600.000000 75.000000 -150.000000 -0.900738 0.020000
-600.000000 150.000000 -150.000000 0.824627 0.020000
-525.000000 150.000000 -150.000000 0.898217 0.020000
-450.000000 150.000000 -150.000000 1.007910 0.020000
-375.000000 150.000000 -150.000000 0.983395 0.020000
-300.000000 150.000000 -150.000000 0.980216 0.020000
-225.000000 150.000000 -150.000000 0.834284 0.020000
-150.000000 150.000000 -150.000000 0.618828 0.020000
-75.000000 150.000000 -150.000000 0.353015 0.020000
0.000000 150.000000 -150.000000 -0.007368 0.020000
75.000000 150.000000 -150.000000 -0.353739 0.020000
150.000000 150.000000 -150.000000 -0.622200 0.020000
225.000000 150.000000 -150.000000 -0.808958 0.020000
300.000000 150.000000 -150.000000 -0.971447 0.020000
375.000000 150.000000 -150.000000 -1.016672 0.020000
450.000000 150.000000 -150.000000 -0.968787 0.020000
525.000000 150.000000 -150.000000 -0.870142 0.020000
600.000000 150.000000 -150.000000 -0.852121 0.020000
-600.000000 225.000000 -150.000000 0.777077 0.020000
-525.000000 225.000000 -150.000000 0.838827 0.020000
-450.000000 225.000000 -150.000000 0.903970 0.020000
-375.000000 225.000000 -150.000000 0.878050 0.020000
-300.000000 225.000000 -150.000000 0.866572 0.020000
-225.000000 225.000000 -150.000000 0.724270 0.020000
-150.000000 225.000000 -150.000000 0.546009 0.020000
-75.000000 225.000000 -150.000000 0.324480 0.020000
0.000000 225.000000 -150.000000 0.027612 0.020000
75.000000 225.000000 -150.000000 -0.277289 0.020000
150.000000 225.000000 -150.000000 -0.558524 0.020000
225.000000 225.000000 -150.000000 -0.742273 0.020000
300.000000 225.000000 -150.000000 -0.914205 0.020000
375.000000 225.000000 -150.000000 -0.901191 0.020000
450.000000 225.000000 -150.000000 -0.935697 0.020000
525.000000 225.000000 -150.000000 -0.865064 0.020000
600.000000 225.000000 -150.000000 -0.798052 0.020000
-600.000000 300.000000 -150.000000 0.729309 0.020000
-525.000000 300.000000 -150.000000 0.753003 0.020000
-450.000000 300.000000 -150.000000 0.775669 0.020000
-375.000000 300.000000 -150.000000 0.790120 0.020000
-300.000000 300.000000 -150.000000 0.714971 0.020000
-225.000000 300.000000 -150.000000 0.653037 0.020000
-150.000000 300.000000 -150.000000 0.460809 0.020000
-75.000000 300.000000 -150.000000 0.313590 0.020000
0.000000 300.000000 -150.000000 -0.000002 0.020000
75.000000 300.000000 -150.000000 -0.277104 0.020000
150.000000 300.000000 -150.000000 -0.500906 0.020000
225.000000 300.000000 -150.000000 -0.626168 0.020000
300.000000 300.000000 -150.000000 -0.778294 0.020000
375.000000 300.000000 -150.000000 -0.814523 0.020000
450.000000 300.000000 -150.000000 -0.816548 0.020000
525.000000 300.000000 -150.000000 -0.769371 0.020000
600.000000 300.000000 -150.000000 -0.730260 0.020000
-600.000000 375.000000 -150.000000 0.629452 0.020000
-525.000000 375.000000 -150.000000 0.645564 0.020000
-450.000000 375.000000 -150.000000 0.680590 0.020000
-375.000000 375.000000 -150.000000 0.687646 0.020000
-300.000000 375.000000 -150.000000 0.647932 0.020000
-225.000000 375.000000 -150.000000 0.547852 0.020000
-150.000000 375.000000 -150.000000 0.453304 0.020000
-75.000000 375.000000 -150.000000 0.200453 0.020000
0.000000 375.000000 -150.000000 0.020072 0.020000
75.000000 375.000000 -150.000000 -0.197660 0.020000
150.000000 375.000000 -150.000000 -0.384886 0.020000
225.000000 375.000000 -150.000000 -0.567838 0.020000
300.000000 375.000000 -150.000000 -0.628265 0.020000
375.000000 375.000000 -150.000000 -0.685637 0.020000
450.000000 375.000000 -150.000000 -0.726663 0.020000
525.000000 375.000000 -150.000000 -0.673229 0.020000
600.000000 375.000000 -150.000000 -0.633601 0.020000
-600.000000 450.000000 -150.000000 0.550902 0.020000
-525.000000 450.000000 -150.000000 0.548141 0.020000
-450.000000 450.000000 -150.000000 0.581581 0.020000
-375.000000 450.000000 -150.000000 0.562669 0.020000
-300.000000 450.000000 -150.000000 0.529628 0.020000
-225.000000 450.000000 -150.000000 0.439299 0.020000
-150.000000 450.000000 -150.000000 0.342332 0.020000
-75.000000 450.000000 -150.000000 0.174054 0.020000
0.000000 450.000000 -150.000000 0.023764 0.020000
75.000000 450.000000 -150.000000 -0.169682 0.020000
150.000000 450.000000 -150.000000 -0.316999 0.020000
225.000000 450.000000 -150.000000 -0.463337 0.020000
300.000000 450.000000 -150.000000 -0.522282 0.020000
375.000000 450.000000 -150.000000 -0.536743 0.020000
450.000000 450.000000 -150.000000 -0.575217 0.020000
525.000000 450.000000 -150.000000 -0.576778 0.020000
600.000000 450.000000 -150.000000 -0.553791 0.020000
-600.000000 525.000000 -150.000000 0.426165 0.020000
-525.000000 525.000000 -150.000000 0.486783 0.020000
-450.000000 525.000000 -150.000000 0.480908 0.020000
-375.000000 525.000000 -150.000000 0.442933 0.020000
-300.000000 525.000000 -150.000000 0.430671 0.020000
-225.000000 525.000000 -150.000000 0.370216 0.020000
-150.000000 525.000000 -150.000000 0.267021 0.020000
-75.000000 525.000000 -150.000000 0.147020 0.020000
0.000000 525.000000 -150.000000 0.004430 0.020000
75.000000 525.000000 -150.000000 -0.109943 0.020000
150.000000 525.000000 -150.000000 -0.281735 0.020000
225.000000 525.000000 -150.000000 -0.334048 0.020000
300.000000 525.000000 -150.000000 -0.444544 0.020000
375.000000 525.000000 -150.000000 -0.481018 0.020000
450.000000 525.000000 -150.000000 -0.497091 0.020000
525.000000 525.000000 -150.000000 -0.507667 0.020000
600.000000 525.000000 -150.000000 -0.457463 0.020000
-600.000000 600.000000 -150.000000 0.394347 0.020000
-525.000000 600.000000 -150.000000 0.426120 0.020000
-450.000000 600.000000 -150.000000 0.382934 0.020000
-375.000000 600.000000 -150.000000 0.432991 0.020000
-300.000000 600.000000 -150.000000 0.376319 0.020000
-225.000000 600.000000 -150.000000 0.286920 0.020000
-150.000000 600.000000 -150.000000 0.247992 0.020000
-75.000000 600.000000 -150.000000 0.131268 0.020000
0.000000 600.000000 -150.000000 0.004274 0.020000
75.000000 600.000000 -150.000000 -0.106759 0.020000
150.000000 600.000000 -150.000000 -0.202761 0.020000
225.000000 600.000000 -150.000000 -0.280918 0.020000
300.000000 600.000000 -150.000000 -0.384764 0.020000
375.000000 600.000000 -150.000000 -0.369972 0.020000
450.000000 600.000000 -150.000000 -0.412377 0.020000
525.000000 600.000000 -150.000000 -0.391475 0.020000
600.000000 600.000000 -150.000000 -0.408155 0.020000
