-600.000000 -600.000000 -150.000000 -0.048029 0.020000
-525.000000 -600.000000 -150.000000 -0.012379 0.020000
-450.000000 -600.000000 -150.000000 -0.008827 0.020000
-375.000000 -600.000000 -150.000000 0.021714 0.020000
-300.000000 -600.000000 -150.000000 0.046863 0.020000
-225.000000 -600.000000 -150.000000 0.063143 0.020000
-150.000000 -600.000000 -150.000000 0.071626 0.020000
-75.000000 -600.000000 -150.000000 0.102215 0.020000
0.000000 -600.000000 -150.000000 0.103577 0.020000
75.000000 -600.000000 -150.000000 0.095936 0.020000
150.000000 -600.000000 -150.000000 0.059216 0.020000
225.000000 -600.000000 -150.000000 0.070343 0.020000
300.000000 -600.000000 -150.000000 0.029256 0.020000
375.000000 -600.000000 -150.000000 -0.015431 0.020000
450.000000 -600.000000 -150.000000 -0.033618 0.020000
525.000000 -600.000000 -150.000000 -0.081637 0.020000
600.000000 -600.000000 -150.000000 -0.067434 0.020000
-600.000000 -525.000000 -150.000000 -0.127593 0.020000
-525.000000 -525.000000 -150.000000 -0.127580 0.020000
-450.000000 -525.000000 -150.000000 -0.089738 0.020000
-375.000000 -525.000000 -150.000000 -0.084635 0.020000
-300.000000 -525.000000 -150.000000 -0.076885 0.020000
-225.000000 -525.000000 -150.000000 -0.049220 0.020000
-150.000000 -525.000000 -150.000000 -0.044536 0.020000
-75.000000 -525.000000 -150.000000 -0.033146 0.020000
0.000000 -525.000000 -150.000000 -0.025047 0.020000
75.000000 -525.000000 -150.000000 -0.010757 0.020000
150.000000 -525.000000 -150.000000 -0.035652 0.020000
225.000000 -525.000000 -150.000000 -0.041525 0.020000
300.000000 -525.000000 -150.000000 -0.026626 0.020000
375.000000 -525.000000 -150.000000 -0.105309 0.020000
450.000000 -525.000000 -150.000000 -0.141249 0.020000
525.000000 -525.000000 -150.000000 -0.094054 0.020000
600.000000 -525.000000 -150.000000 -0.111576 0.020000
-600.000000 -450.000000 -150.000000 -0.251607 0.020000
-525.000000 -450.000000 -150.000000 -0.187870 0.020000
-450.000000 -450.000000 -150.000000 -0.184928 0.020000
-375.000000 -450.000000 -150.000000 -0.218489 0.020000
-300.000000 -450.000000 -150.000000 -0.197554 0.020000
-225.000000 -450.000000 -150.000000 -0.126011 0.020000
-150.000000 -450.000000 -150.000000 -0.162685 0.020000
-75.000000 -450.000000 -150.000000 -0.159030 0.020000
0.000000 -450.000000 -150.000000 -0.185091 0.020000
75.000000 -450.000000 -150.000000 -0.170688 0.020000
150.000000 -450.000000 -150.000000 -0.173257 0.020000
225.000000 -450.000000 -150.000000 -0.226571 0.020000
300.000000 -450.000000 -150.000000 -0.176988 0.020000
375.000000 -450.000000 -150.000000 -0.198226 0.020000
450.000000 -450.000000 -150.000000 -0.221433 0.020000
525.000000 -450.000000 -150.000000 -0.260351 0.020000
600.000000 -450.000000 -150.000000 -0.197090 0.020000
-600.000000 -375.000000 -150.000000 -0.292807 0.020000
-525.000000 -375.000000 -150.000000 -0.310811 0.020000
-450.000000 -375.000000 -150.000000 -0.320468 0.020000
-375.000000 -375.000000 -150.000000 -0.323303 0.020000
-300.000000 -375.000000 -150.000000 -0.329205 0.020000
-225.000000 -375.000000 -150.000000 -0.362994 0.020000
-150.000000 -375.000000 -150.000000 -0.363773 0.020000
-75.000000 -375.000000 -150.000000 -0.354918 0.020000
0.000000 -375.000000 -150.000000 -0.363699 0.020000
75.000000 -375.000000 -150.000000 -0.351819 0.020000
150.000000 -375.000000 -150.000000 -0.395983 0.020000
225.000000 -375.000000 -150.000000 -0.361232 0.020000
300.000000 -375.000000 -150.000000 -0.344513 0.020000
375.000000 -375.000000 -150.000000 -0.352014 0.020000
450.000000 -375.000000 -150.000000 -0.337063 0.020000
525.000000 -375.000000 -150.000000 -0.283849 0.020000
600.000000 -375.000000 -150.000000 -0.315768 0.020000
-600.000000 -300.000000 -150.000000 -0.361657 0.020000
-525.000000 -300.000000 -150.000000 -0.424726 0.020000
-450.000000 -300.000000 -150.000000 -0.453127 0.020000
-375.000000 -300.000000 -150.000000 -0.505704 0.020000
-300.000000 -300.000000 -150.000000 -0.540138 0.020000
-225.000000 -300.000000 -150.000000 -0.591405 0.020000
-150.000000 -300.000000 -150.000000 -0.538565 0.020000
-75.000000 -300.000000 -150.000000 -0.597911 0.020000
0.000000 -300.000000 -150.000000 -0.587380 0.020000
75.000000 -300.000000 -150.000000 -0.616477 0.020000
150.000000 -300.000000 -150.000000 -0.583248 0.020000
225.000000 -300.000000 -150.000000 -0.573134 0.020000
300.000000 -300.000000 -150.000000 -0.547286 0.020000
375.000000 -300.000000 -150.000000 -0.464302 0.020000
450.000000 -300.000000 -150.000000 -0.469483 0.020000
525.000000 -300.000000 -150.000000 -0.413995 0.020000
600.000000 -300.000000 -150.000000 -0.388882 0.020000
-600.000000 -225.000000 -150.000000 -0.478567 0.020000
-525.000000 -225.000000 -150.000000 -0.553822 0.020000
-450.000000 -225.000000 -150.000000 -0.618604 0.020000
-375.000000 -225.000000 -150.000000 -0.637288 0.020000
-300.000000 -225.000000 -150.000000 -0.715271 0.020000
-225.000000 -225.000000 -150.000000 -0.783687 0.020000
-150.000000 -225.000000 -150.000000 -0.803056 0.020000
-75.000000 -225.000000 -150.000000 -0.843205 0.020000
0.000000 -225.000000 -150.000000 -0.846512 0.020000
75.000000 -225.000000 -150.000000 -0.836094 0.020000
150.000000 -225.000000 -150.000000 -0.839755 0.020000
225.000000 -225.000000 -150.000000 -0.759308 0.020000
300.000000 -225.000000 -150.000000 -0.723644 0.020000
375.000000 -225.000000 -150.000000 -0.625929 0.020000
450.000000 -225.000000 -150.000000 -0.585877 0.020000
525.000000 -225.000000 -150.000000 -0.529794 0.020000
600.000000 -225.000000 -150.000000 -0.481346 0.020000
-600.000000 -150.000000 -150.000000 -0.553972 0.020000
-525.000000 -150.000000 -150.000000 -0.602122 0.020000
-450.000000 -150.000000 -150.000000 -0.719646 0.020000
-375.000000 -150.000000 -150.000000 -0.771437 0.020000
-300.000000 -150.000000 -150.000000 -0.850045 0.020000
-225.000000 -150.000000 -150.000000 -0.952332 0.020000
-150.000000 -150.000000 -150.000000 -0.986312 0.020000
-75.000000 -150.000000 -150.000000 -1.052326 0.020000
0.000000 -150.000000 -150.000000 -1.017915 0.020000
75.000000 -150.000000 -150.000000 -1.059880 0.020000
150.000000 -150.000000 -150.000000 -0.984025 0.020000
225.000000 -150.000000 -150.000000 -0.950991 0.020000
300.000000 -150.000000 -150.000000 -0.884097 0.020000
375.000000 -150.000000 -150.000000 -0.796215 0.020000
450.000000 -150.000000 -150.000000 -0.691577 0.020000
525.000000 -150.000000 -150.000000 -0.621861 0.020000
600.000000 -150.000000 -150.000000 -0.549814 0.020000
-600.000000 -75.000000 -150.000000 -0.557077 0.020000
-525.000000 -75.000000 -150.000000 -0.704406 0.020000
-450.000000 -75.000000 -150.000000 -0.787923 0.020000
-375.000000 -75.000000 -150.000000 -0.860097 0.020000
-300.000000 -75.000000 -150.000000 -0.967385 0.020000
-225.000000 -75.000000 -150.000000 -1.084986 0.020000
-150.000000 -75.000000 -150.000000 -1.172502 0.020000
-75.000000 -75.000000 -150.000000 -1.191079 0.020000
0.000000 -75.000000 -150.000000 -1.196744 0.020000
75.000000 -75.000000 -150.000000 -1.194222 0.020000
150.000000 -75.000000 -150.000000 -1.105675 0.020000
225.000000 -75.000000 -150.000000 -1.042534 0.020000
300.000000 -75.000000 -150.000000 -0.932021 0.020000
375.000000 -75.000000 -150.000000 -0.872080 0.020000
450.000000 -75.000000 -150.000000 -0.720579 0.020000
525.000000 -75.000000 -150.000000 -0.644447 0.020000
600.000000 -75.000000 -150.000000 -0.590139 0.020000
-600.000000 0.000000 -150.000000 -0.601029 0.020000
-525.000000 0.000000 -150.000000 -0.714267 0.020000
-450.000000 0.000000 -150.000000 -0.801869 0.020000
-375.000000 0.000000 -150.000000 -0.871873 0.020000
-300.000000 0.000000 -150.000000 -1.029649 0.020000
-225.000000 0.000000 -150.000000 -1.113822 0.020000
-150.000000 0.000000 -150.000000 -1.181713 0.020000
-75.000000 0.000000 -150.000000 -1.254057 0.020000
0.000000 0.000000 -150.000000 -1.267736 0.020000
75.000000 0.000000 -150.000000 -1.252886 0.020000
150.000000 0.000000 -150.000000 -1.189761 0.020000
225.000000 0.000000 -150.000000 -1.147696 0.020000
300.000000 0.000000 -150.000000 -0.986928 0.020000
375.000000 0.000000 -150.000000 -0.934700 0.020000
450.000000 0.000000 -150.000000 -0.797098 0.020000
525.000000 0.000000 -150.000000 -0.698516 0.020000
600.000000 0.000000 -150.000000 -0.626030 0.020000
-600.000000 75.000000 -150.000000 -0.566488 0.020000
-525.000000 75.000000 -150.000000 -0.688402 0.020000
-450.000000 75.000000 -150.000000 -0.787800 0.020000
-375.000000 75.000000 -150.000000 -0.892225 0.020000
-300.000000 75.000000 -150.000000 -1.000924 0.020000
-225.000000 75.000000 -150.000000 -1.074096 0.020000
-150.000000 75.000000 -150.000000 -1.144771 0.020000
-75.000000 75.000000 -150.000000 -1.195169 0.020000
0.000000 75.000000 -150.000000 -1.192571 0.020000
75.000000 75.000000 -150.000000 -1.190594 0.020000
150.000000 75.000000 -150.000000 -1.151580 0.020000
225.000000 75.000000 -150.000000 -1.080309 0.020000
300.000000 75.000000 -150.000000 -0.960106 0.020000
375.000000 75.000000 -150.000000 -0.859435 0.020000
450.000000 75.000000 -150.000000 -0.810390 0.020000
525.000000 75.000000 -150.000000 -0.685427 0.020000
600.000000 75.000000 -150.000000 -0.564419 0.020000
-600.000000 150.000000 -150.000000 -0.522521 0.020000
-525.000000 150.000000 -150.000000 -0.619829 0.020000
-450.000000 150.000000 -150.000000 -0.706257 0.020000
-375.000000 150.000000 -150.000000 -0.797709 0.020000
-300.000000 150.000000 -150.000000 -0.882922 0.020000
-225.000000 150.000000 -150.000000 -0.932815 0.020000
-150.000000 150.000000 -150.000000 -0.977216 0.020000
-75.000000 150.000000 -150.000000 -1.059414 0.020000
0.000000 150.000000 -150.000000 -1.078535 0.020000
75.000000 150.000000 -150.000000 -1.013962 0.020000
150.000000 150.000000 -150.000000 -0.963727 0.020000
225.000000 150.000000 -150.000000 -0.945118 0.020000
300.000000 150.000000 -150.000000 -0.855282 0.020000
375.000000 150.000000 -150.000000 -0.797016 0.020000
450.000000 150.000000 -150.000000 -0.660526 0.020000
525.000000 150.000000 -150.000000 -0.607045 0.020000
600.000000 150.000000 -150.000000 -0.553609 0.020000
-600.000000 225.000000 -150.000000 -0.505037 0.020000
-525.000000 225.000000 -150.000000 -0.538180 0.020000
-450.000000 225.000000 -150.000000 -0.568271 0.020000
-375.000000 225.000000 -150.000000 -0.622536 0.020000
-300.000000 225.000000 -150.000000 -0.712384 0.020000
-225.000000 225.000000 -150.000000 -0.769455 0.020000
-150.000000 225.000000 -150.000000 -0.809606 0.020000
-75.000000 225.000000 -150.000000 -0.863346 0.020000
0.000000 225.000000 -150.000000 -0.848679 0.020000
75.000000 225.000000 -150.000000 -0.843772 0.020000
150.000000 225.000000 -150.000000 -0.804235 0.020000
225.000000 225.000000 -150.000000 -0.739242 0.020000
300.000000 225.000000 -150.000000 -0.723541 0.020000
375.000000 225.000000 -150.000000 -0.678281 0.020000
450.000000 225.000000 -150.000000 -0.569706 0.020000
525.000000 225.000000 -150.000000 -0.547062 0.020000
600.000000 225.000000 -150.000000 -0.429714 0.020000
-600.000000 300.000000 -150.000000 -0.407718 0.020000
-525.000000 300.000000 -150.000000 -0.408493 0.020000
-450.000000 300.000000 -150.000000 -0.458100 0.020000
-375.000000 300.000000 -150.000000 -0.501421 0.020000
-300.000000 300.000000 -150.000000 -0.526698 0.020000
-225.000000 300.000000 -150.000000 -0.590529 0.020000
-150.000000 300.000000 -150.000000 -0.585837 0.020000
-75.000000 300.000000 -150.000000 -0.617472 0.020000
0.000000 300.000000 -150.000000 -0.555389 0.020000
75.000000 300.000000 -150.000000 -0.619679 0.020000
150.000000 300.000000 -150.000000 -0.547569 0.020000
225.000000 300.000000 -150.000000 -0.572459 0.020000
300.000000 300.000000 -150.000000 -0.540671 0.020000
375.000000 300.000000 -150.000000 -0.479968 0.020000
450.000000 300.000000 -150.000000 -0.500003 0.020000
525.000000 300.000000 -150.000000 -0.402131 0.020000
600.000000 300.000000 -150.000000 -0.376376 0.020000
-600.000000 375.000000 -150.000000 -0.316629 0.020000
-525.000000 375.000000 -150.000000 -0.314210 0.020000
-450.000000 375.000000 -150.000000 -0.284478 0.020000
-375.000000 375.000000 -150.000000 -0.330985 0.020000
-300.000000 375.000000 -150.000000 -0.334343 0.020000
-225.000000 375.000000 -150.000000 -0.366432 0.020000
-150.000000 375.000000 -150.000000 -0.337425 0.020000
-75.000000 375.000000 -150.000000 -0.385786 0.020000
0.000000 375.000000 -150.000000 -0.381363 0.020000
75.000000 375.000000 -150.000000 -0.383775 0.020000
150.000000 375.000000 -150.000000 -0.343369 0.020000
225.000000 375.000000 -150.000000 -0.366646 0.020000
300.000000 375.000000 -150.000000 -0.373757 0.020000
375.000000 375.000000 -150.000000 -0.361397 0.020000
450.000000 375.000000 -150.000000 -0.342974 0.020000
525.000000 375.000000 -150.000000 -0.286540 0.020000
600.000000 375.000000 -150.000000 -0.287957 0.020000
-600.000000 450.000000 -150.000000 -0.176302 0.020000
-525.000000 450.000000 -150.000000 -0.176077 0.020000
-450.000000 450.000000 -150.000000 -0.216484 0.020000
-375.000000 450.000000 -150.000000 -0.219856 0.020000
-300.000000 450.000000 -150.000000 -0.192929 0.020000
-225.000000 450.000000 -150.000000 -0.145850 0.020000
-150.000000 450.000000 -150.000000 -0.156046 0.020000
-75.000000 450.000000 -150.000000 -0.138091 0.020000
0.000000 450.000000 -150.000000 -0.142788 0.020000
75.000000 450.000000 -150.000000 -0.140486 0.020000
150.000000 450.000000 -150.000000 -0.183504 0.020000
225.000000 450.000000 -150.000000 -0.189383 0.020000
300.000000 450.000000 -150.000000 -0.204290 0.020000
375.000000 450.000000 -150.000000 -0.200025 0.020000
450.000000 450.000000 -150.000000 -0.196800 0.020000
525.000000 450.000000 -150.000000 -0.187529 0.020000
600.000000 450.000000 -150.000000 -0.219024 0.020000
-600.000000 525.000000 -150.000000 -0.132299 0.020000
-525.000000 525.000000 -150.000000 -0.112921 0.020000
-450.000000 525.000000 -150.000000 -0.102718 0.020000
-375.000000 525.000000 -150.000000 -0.064010 0.020000
-300.000000 525.000000 -150.000000 -0.037684 0.020000
-225.000000 525.000000 -150.000000 -0.022865 0.020000
-150.000000 525.000000 -150.000000 -0.050919 0.020000
-75.000000 525.000000 -150.000000 -0.014992 0.020000
0.000000 525.000000 -150.000000 -0.016750 0.020000
75.000000 525.000000 -150.000000 -0.031779 0.020000
150.000000 525.000000 -150.000000 -0.021116 0.020000
225.000000 525.000000 -150.000000 -0.014791 0.020000
300.000000 525.000000 -150.000000 -0.076551 0.020000
375.000000 525.000000 -150.000000 -0.061019 0.020000
450.000000 525.000000 -150.000000 -0.106436 0.020000
525.000000 525.000000 -150.000000 -0.113747 0.020000
600.000000 525.000000 -150.000000 -0.129432 0.020000
-600.000000 600.000000 -150.000000 -0.070284 0.020000
-525.000000 600.000000 -150.000000 -0.056715 0.020000
-450.000000 600.000000 -150.000000 -0.037880 0.020000
-375.000000 600.000000 -150.000000 0.034332 0.020000
-300.000000 600.000000 -150.000000 0.069434 0.020000
-225.000000 600.000000 -150.000000 0.061179 0.020000
-150.000000 600.000000 -150.000000 0.092809 0.020000
-75.000000 600.000000 -150.000000 0.070746 0.020000
0.000000 600.000000 -150.000000 0.106150 0.020000
75.000000 600.000000 -150.000000 0.061275 0.020000
150.000000 600.000000 -150.000000 0.104259 0.020000
225.000000 600.000000 -150.000000 0.036982 0.020000
300.000000 600.000000 -150.000000 0.035376 0.020000
375.000000 600.000000 -150.000000 0.006345 0.020000
450.000000 600.000000 -150.000000 0.007834 0.020000
525.000000 600.000000 -150.000000 -0.008234 0.020000
600.000000 600.000000 -150.000000 -0.068250 0.020000
