-600.000000 -600.000000 -150.000000 0.392014 0.020000
-525.000000 -600.000000 -150.000000 0.430386 0.020000
-450.000000 -600.000000 -150.000000 0.509626 0.020000
-375.000000 -600.000000 -150.000000 0.604667 0.020000
-300.000000 -600.000000 -150.000000 0.700839 0.020000
-225.000000 -600.000000 -150.000000 0.785997 0.020000
-150.000000 -600.000000 -150.000000 0.842017 0.020000
-75.000000 -600.000000 -150.000000 0.840224 0.020000
0.000000 -600.000000 -150.000000 0.886906 0.020000
75.000000 -600.000000 -150.000000 0.867148 0.020000
150.000000 -600.000000 -150.000000 0.874126 0.020000
225.000000 -600.000000 -150.000000 0.741894 0.020000
300.000000 -600.000000 -150.000000 0.694936 0.020000
375.000000 -600.000000 -150.000000 0.616040 0.020000
450.000000 -600.000000 -150.000000 0.533366 0.020000
525.000000 -600.000000 -150.000000 0.466799 0.020000
600.000000 -600.000000 -150.000000 0.387972 0.020000
-600.000000 -525.000000 -150.000000 0.436772 0.020000
-525.000000 -525.000000 -150.000000 0.514508 0.020000
-450.000000 -525.000000 -150.000000 0.572345 0.020000
-375.000000 -525.000000 -150.000000 0.657597 0.020000
-300.000000 -525.000000 -150.000000 0.760658 0.020000
-225.000000 -525.000000 -150.000000 0.874039 0.020000
-150.000000 -525.000000 -150.000000 0.876239 0.020000
-75.000000 -525.000000 -150.000000 0.937219 0.020000
0.000000 -525.000000 -150.000000 0.955030 0.020000
75.000000 -525.000000 -150.000000 0.996610 0.020000
150.000000 -525.000000 -150.000000 0.898864 0.020000
225.000000 -525.000000 -150.000000 0.880801 0.020000
300.000000 -525.000000 -150.000000 0.781037 0.020000
375.000000 -525.000000 -150.000000 0.651365 0.020000
450.000000 -525.000000 -150.000000 0.591763 0.020000
525.000000 -525.000000 -150.000000 0.509213 0.020000
600.000000 -525.000000 -150.000000 0.420018 0.020000
-600.000000 -450.000000 -150.000000 0.417280 0.020000
-525.000000 -450.000000 -150.000000 0.501751 0.020000
-450.000000 -450.000000 -150.000000 0.627541 0.020000
-375.000000 -450.000000 -150.000000 0.662139 0.020000
-300.000000 -450.000000 -150.000000 0.811303 0.020000
-225.000000 -450.000000 -150.000000 0.873221 0.020000
-150.000000 -450.000000 -150.000000 0.986868 0.020000
-75.000000 -450.000000 -150.000000 1.009199 0.020000
0.000000 -450.000000 -150.000000 1.019497 0.020000
75.000000 -450.000000 -150.000000 1.072981 0.020000
150.000000 -450.000000 -150.000000 0.987129 0.020000
225.000000 -450.000000 -150.000000 0.924577 0.020000
300.000000 -450.000000 -150.000000 0.793606 0.020000
375.000000 -450.000000 -150.000000 0.692457 0.020000
450.000000 -450.000000 -150.000000 0.572625 0.020000
525.000000 -450.000000 -150.000000 0.513367 0.020000
600.000000 -450.000000 -150.000000 0.377405 0.020000
-600.000000 -375.000000 -150.000000 0.373466 0.020000
-525.000000 -375.000000 -150.000000 0.446072 0.020000
-450.000000 -375.000000 -150.000000 0.556468 0.020000
-375.000000 -375.000000 -150.000000 0.663189 0.020000
-300.000000 -375.000000 -150.000000 0.803388 0.020000
-225.000000 -375.000000 -150.000000 0.886085 0.020000
-150.000000 -375.000000 -150.000000 0.957588 0.020000
-75.000000 -375.000000 -150.000000 1.058299 0.020000
0.000000 -375.000000 -150.000000 1.132430 0.020000
75.000000 -375.000000 -150.000000 1.044678 0.020000
150.000000 -375.000000 -150.000000 1.039770 0.020000
225.000000 -375.000000 -150.000000 0.875250 0.020000
300.000000 -375.000000 -150.000000 0.795403 0.020000
375.000000 -375.000000 -150.000000 0.672455 0.020000
450.000000 -375.000000 -150.000000 0.607535 0.020000
525.000000 -375.000000 -150.000000 0.478454 0.020000
600.000000 -375.000000 -150.000000 0.380538 0.020000
-600.000000 -300.000000 -150.000000 0.359995 0.020000
-525.000000 -300.000000 -150.000000 0.481102 0.020000
-450.000000 -300.000000 -150.000000 0.515294 0.020000
-375.000000 -300.000000 -150.000000 0.603443 0.020000
-300.000000 -300.000000 -150.000000 0.749357 0.020000
-225.000000 -300.000000 -150.000000 0.869247 0.020000
-150.000000 -300.000000 -150.000000 0.975676 0.020000
-75.000000 -300.000000 -150.000000 1.043763 0.020000
0.000000 -300.000000 -150.000000 1.070636 0.020000
75.000000 -300.000000 -150.000000 1.041844 0.020000
150.000000 -300.000000 -150.000000 0.961114 0.020000
225.000000 -300.000000 -150.000000 0.872461 0.020000
300.000000 -300.000000 -150.000000 0.778261 0.020000
375.000000 -300.000000 -150.000000 0.635139 0.020000
450.000000 -300.000000 -150.000000 0.510517 0.020000
525.000000 -300.000000 -150.000000 0.395501 0.020000
600.000000 -300.000000 -150.000000 0.367143 0.020000
-600.000000 -225.000000 -150.000000 0.258538 0.020000
-525.000000 -225.000000 -150.000000 0.348870 0.020000
-450.000000 -225.000000 -150.000000 0.428057 0.020000
-375.000000 -225.000000 -150.000000 0.568056 0.020000
-300.000000 -225.000000 -150.000000 0.691871 0.020000
-225.000000 -225.000000 -150.000000 0.774862 0.020000
-150.000000 -225.000000 -150.000000 0.838418 0.020000
-75.000000 -225.000000 -150.000000 0.871474 0.020000
0.000000 -225.000000 -150.000000 0.897137 0.020000
75.000000 -225.000000 -150.000000 0.922411 0.020000
150.000000 -225.000000 -150.000000 0.839348 0.020000
225.000000 -225.000000 -150.000000 0.767371 0.020000
300.000000 -225.000000 -150.000000 0.657622 0.020000
375.000000 -225.000000 -150.000000 0.521231 0.020000
450.000000 -225.000000 -150.000000 0.455052 0.020000
525.000000 -225.000000 -150.000000 0.387322 0.020000
600.000000 -225.000000 -150.000000 0.310493 0.020000
-600.000000 -150.000000 -150.000000 0.219542 0.020000
-525.000000 -150.000000 -150.000000 0.262396 0.020000
-450.000000 -150.000000 -150.000000 0.313478 0.020000
-375.000000 -150.000000 -150.000000 0.399941 0.020000
-300.000000 -150.000000 -150.000000 0.464093 0.020000
-225.000000 -150.000000 -150.000000 0.549744 0.020000
-150.000000 -150.000000 -150.000000 0.631647 0.020000
-75.000000 -150.000000 -150.000000 0.665947 0.020000
0.000000 -150.000000 -150.000000 0.695271 0.020000
75.000000 -150.000000 -150.000000 0.665022 0.020000
150.000000 -150.000000 -150.000000 0.624156 0.020000
225.000000 -150.000000 -150.000000 0.552619 0.020000
300.000000 -150.000000 -150.000000 0.461752 0.020000
375.000000 -150.000000 -150.000000 0.396507 0.020000
450.000000 -150.000000 -150.000000 0.343708 0.020000
525.000000 -150.000000 -150.000000 0.257812 0.020000
600.000000 -150.000000 -150.000000 0.227533 0.020000
-600.000000 -75.000000 -150.000000 0.087244 0.020000
-525.000000 -75.000000 -150.000000 0.141169 0.020000
-450.000000 -75.000000 -150.000000 0.149548 0.020000
-375.000000 -75.000000 -150.000000 0.226997 0.020000
-300.000000 -75.000000 -150.000000 0.231772 0.020000
-225.000000 -75.000000 -150.000000 0.316201 0.020000
-150.000000 -75.000000 -150.000000 0.335632 0.020000
-75.000000 -75.000000 -150.000000 0.335997 0.020000
0.000000 -75.000000 -150.000000 0.346798 0.020000
75.000000 -75.000000 -150.000000 0.343168 0.020000
150.000000 -75.000000 -150.000000 0.314433 0.020000
225.000000 -75.000000 -150.000000 0.320629 0.020000
300.000000 -75.000000 -150.000000 0.271660 0.020000
375.000000 -75.000000 -150.000000 0.212754 0.020000
450.000000 -75.000000 -150.000000 0.143506 0.020000
525.000000 -75.000000 -150.000000 0.101224 0.020000
600.000000 -75.000000 -150.000000 0.119557 0.020000
-600.000000 0.000000 -150.000000 -0.002832 0.020000
-525.000000 0.000000 -150.000000 -0.000903 0.020000
-450.000000 0.000000 -150.000000 -0.023865 0.020000
-375.000000 0.000000 -150.000000 -0.019409 0.020000
-300.000000 0.000000 -150.000000 0.027921 0.020000
-225.000000 0.000000 -150.000000 -0.005775 0.020000
-150.000000 0.000000 -150.000000 0.017195 0.020000
-75.000000 0.000000 -150.000000 -0.002109 0.020000
0.000000 0.000000 -150.000000 -0.003860 0.020000
75.000000 0.000000 -150.000000 -0.019365 0.020000
150.000000 0.000000 -150.000000 0.005824 0.020000
225.000000 0.000000 -150.000000 0.016097 0.020000
300.000000 0.000000 -150.000000 0.037078 0.020000
375.000000 0.000000 -150.000000 -0.046928 0.020000
450.000000 0.000000 -150.000000 -0.000731 0.020000
525.000000 0.000000 -150.000000 -0.018043 0.020000
600.000000 0.000000 -150.000000 0.019281 0.020000
-600.000000 75.000000 -150.000000 -0.105671 0.020000
-525.000000 75.000000 -150.000000 -0.152832 0.020000
-450.000000 75.000000 -150.000000 -0.139355 0.020000
-375.000000 75.000000 -150.000000 -0.179351 0.020000
-300.000000 75.000000 -150.000000 -0.266663 0.020000
-225.000000 75.000000 -150.000000 -0.302401 0.020000
-150.000000 75.000000 -150.000000 -0.334958 0.020000
-75.000000 75.000000 -150.000000 -0.347898 0.020000
0.000000 75.000000 -150.000000 -0.402045 0.020000
75.000000 75.000000 -150.000000 -0.342985 0.020000
150.000000 75.000000 -150.000000 -0.354563 0.020000
225.000000 75.000000 -150.000000 -0.289170 0.020000
300.000000 75.000000 -150.000000 -0.281311 0.020000
375.000000 75.000000 -150.000000 -0.195577 0.020000
450.000000 75.000000 -150.000000 -0.123781 0.020000
525.000000 75.000000 -150.000000 -0.125035 0.020000
600.000000 75.000000 -150.000000 -0.106084 0.020000
-600.000000 150.000000 -150.000000 -0.207339 0.020000
-525.000000 150.000000 -150.000000 -0.271859 0.020000
-450.000000 150.000000 -150.000000 -0.315710 0.020000
-375.000000 150.000000 -150.000000 -0.420190 0.020000
-300.000000 150.000000 -150.000000 -0.460296 0.020000
-225.000000 150.000000 -150.000000 -0.566452 0.020000
-150.000000 150.000000 -150.000000 -0.608785 0.020000
-75.000000 150.000000 -150.000000 -0.644760 0.020000
0.000000 150.000000 -150.000000 -0.687162 0.020000
75.000000 150.000000 -150.000000 -0.646714 0.020000
150.000000 150.000000 -150.000000 -0.646451 0.020000
225.000000 150.000000 -150.000000 -0.544578 0.020000
300.000000 150.000000 -150.000000 -0.425470 0.020000
375.000000 150.000000 -150.000000 -0.444374 0.020000
450.000000 150.000000 -150.000000 -0.336153 0.020000
525.000000 150.000000 -150.000000 -0.275401 0.020000
600.000000 150.000000 -150.000000 -0.198968 0.020000
-600.000000 225.000000 -150.000000 -0.266654 0.020000
-525.000000 225.000000 -150.000000 -0.362274 0.020000
-450.000000 225.000000 -150.000000 -0.420668 0.020000
-375.000000 225.000000 -150.000000 -0.548978 0.020000
-300.000000 225.000000 -150.000000 -0.686412 0.020000
-225.000000 225.000000 -150.000000 -0.755546 0.020000
-150.000000 225.000000 -150.000000 -0.825280 0.020000
-75.000000 225.000000 -150.000000 -0.886438 0.020000
0.000000 225.000000 -150.000000 -0.912284 0.020000
75.000000 225.000000 -150.000000 -0.892820 0.020000
150.000000 225.000000 -150.000000 -0.790565 0.020000
225.000000 225.000000 -150.000000 -0.774443 0.020000
300.000000 225.000000 -150.000000 -0.648148 0.020000
375.000000 225.000000 -150.000000 -0.545189 0.020000
450.000000 225.000000 -150.000000 -0.435685 0.020000
525.000000 225.000000 -150.000000 -0.386201 0.020000
600.000000 225.000000 -150.000000 -0.301829 0.020000
-600.000000 300.000000 -150.000000 -0.374647 0.020000
-525.000000 300.000000 -150.000000 -0.409919 0.020000
-450.000000 300.000000 -150.000000 -0.560410 0.020000
-375.000000 300.000000 -150.000000 -0.665000 0.020000
-300.000000 300.000000 -150.000000 -0.742875 0.020000
-225.000000 300.000000 -150.000000 -0.866583 0.020000
-150.000000 300.000000 -150.000000 -0.953063 0.020000
-75.000000 300.000000 -150.000000 -0.999138 0.020000
0.000000 300.000000 -150.000000 -1.053598 0.020000
75.000000 300.000000 -150.000000 -1.029167 0.020000
150.000000 300.000000 -150.000000 -0.971796 0.020000
225.000000 300.000000 -150.000000 -0.863030 0.020000
300.000000 300.000000 -150.000000 -0.750168 0.020000
375.000000 300.000000 -150.000000 -0.653184 0.020000
450.000000 300.000000 -150.000000 -0.566586 0.020000
525.000000 300.000000 -150.000000 -0.426203 0.020000
600.000000 300.000000 -150.000000 -0.332208 0.020000
-600.000000 375.000000 -150.000000 -0.378469 0.020000
-525.000000 375.000000 -150.000000 -0.456528 0.020000
-450.000000 375.000000 -150.000000 -0.570095 0.020000
-375.000000 375.000000 -150.000000 -0.671534 0.020000
-300.000000 375.000000 -150.000000 -0.814019 0.020000
-225.000000 375.000000 -150.000000 -0.964355 0.020000
-150.000000 375.000000 -150.000000 -1.020578 0.020000
-75.000000 375.000000 -150.000000 -1.053198 0.020000
0.000000 375.000000 -150.000000 -1.126996 0.020000
75.000000 375.000000 -150.000000 -1.069686 0.020000
150.000000 375.000000 -150.000000 -0.966570 0.020000
225.000000 375.000000 -150.000000 -0.915999 0.020000
300.000000 375.000000 -150.000000 -0.820904 0.020000
375.000000 375.000000 -150.000000 -0.683240 0.020000
450.000000 375.000000 -150.000000 -0.576830 0.020000
525.000000 375.000000 -150.000000 -0.468257 0.020000
600.000000 375.000000 -150.000000 -0.369711 0.020000
-600.000000 450.000000 -150.000000 -0.383497 0.020000
-525.000000 450.000000 -150.000000 -0.472436 0.020000
-450.000000 450.000000 -150.000000 -0.590574 0.020000
-375.000000 450.000000 -150.000000 -0.678866 0.020000
-300.000000 450.000000 -150.000000 -0.813125 0.020000
-225.000000 450.000000 -150.000000 -0.914437 0.020000
-150.000000 450.000000 -150.000000 -0.978725 0.020000
-75.000000 450.000000 -150.000000 -1.033119 0.020000
0.000000 450.000000 -150.000000 -1.054454 0.020000
75.000000 450.000000 -150.000000 -1.022903 0.020000
150.000000 450.000000 -150.000000 -0.982756 0.020000
225.000000 450.000000 -150.000000 -0.902312 0.020000
300.000000 450.000000 -150.000000 -0.822552 0.020000
375.000000 450.000000 -150.000000 -0.674653 0.020000
450.000000 450.000000 -150.000000 -0.575819 0.020000
525.000000 450.000000 -150.000000 -0.544967 0.020000
600.000000 450.000000 -150.000000 -0.368453 0.020000
-600.000000 525.000000 -150.000000 -0.404756 0.020000
-525.000000 525.000000 -150.000000 -0.491974 0.020000
-450.000000 525.000000 -150.000000 -0.562672 0.020000
-375.000000 525.000000 -150.000000 -0.680343 0.020000
-300.000000 525.000000 -150.000000 -0.780739 0.020000
-225.000000 525.000000 -150.000000 -0.852122 0.020000
-150.000000 525.000000 -150.000000 -0.916166 0.020000
-75.000000 525.000000 -150.000000 -0.964125 0.020000
0.000000 525.000000 -150.000000 -0.971880 0.020000
75.000000 525.000000 -150.000000 -0.951898 0.020000
150.000000 525.000000 -150.000000 -0.911673 0.020000
225.000000 525.000000 -150.000000 -0.874065 0.020000
300.000000 525.000000 -150.000000 -0.772927 0.020000
375.000000 525.000000 -150.000000 -0.662667 0.020000
450.000000 525.000000 -150.000000 -0.557243 0.020000
525.000000 525.000000 -150.000000 -0.496013 0.020000
600.000000 525.000000 -150.000000 -0.400030 0.020000
-600.000000 600.000000 -150.000000 -0.390278 0.020000
-525.000000 600.000000 -150.000000 -0.469457 0.020000
-450.000000 600.000000 -150.000000 -0.537984 0.020000
-375.000000 600.000000 -150.000000 -0.604135 0.020000
-300.000000 600.000000 -150.000000 -0.734646 0.020000
-225.000000 600.000000 -150.000000 -0.757209 0.020000
-150.000000 600.000000 -150.000000 -0.812032 0.020000
-75.000000 600.000000 -150.000000 -0.881860 0.020000
0.000000 600.000000 -150.000000 -0.906231 0.020000
75.000000 600.000000 -150.000000 -0.864237 0.020000
150.000000 600.000000 -150.000000 -0.865098 0.020000
225.000000 600.000000 -150.000000 -0.743836 0.020000
300.000000 600.000000 -150.000000 -0.706824 0.020000
375.000000 600.000000 -150.000000 -0.615280 0.020000
450.000000 600.000000 -150.000000 -0.543931 0.020000
525.000000 600.000000 -150.000000 -0.488233 0.020000
600.000000 600.000000 -150.000000 -0.374513 0.020000
