-600.000000 -600.000000 -150.000000 0.084988 0.020000
-525.000000 -600.000000 -150.000000 0.204680 0.020000
-450.000000 -600.000000 -150.000000 0.218083 0.020000
-375.000000 -600.000000 -150.000000 0.276195 0.020000
-300.000000 -600.000000 -150.000000 0.371445 0.020000
-225.000000 -600.000000 -150.000000 0.437662 0.020000
-150.000000 -600.000000 -150.000000 0.470212 0.020000
-75.000000 -600.000000 -150.000000 0.452359 0.020000
0.000000 -600.000000 -150.000000 0.534780 0.020000
75.000000 -600.000000 -150.000000 0.498503 0.020000
150.000000 -600.000000 -150.000000 0.440520 0.020000
225.000000 -600.000000 -150.000000 0.416812 0.020000
300.000000 -600.000000 -150.000000 0.351889 0.020000
375.000000 -600.000000 -150.000000 0.281420 0.020000
450.000000 -600.000000 -150.000000 0.214174 0.020000
525.000000 -600.000000 -150.000000 0.169813 0.020000
600.000000 -600.000000 -150.000000 0.117583 0.020000
-600.000000 -525.000000 -150.000000 0.167490 0.020000
-525.000000 -525.000000 -150.000000 0.230361 0.020000
-450.000000 -525.000000 -150.000000 0.316871 0.020000
-375.000000 -525.000000 -150.000000 0.404016 0.020000
-300.000000 -525.000000 -150.000000 0.479624 0.020000
-225.000000 -525.000000 -150.000000 0.586983 0.020000
-150.000000 -525.000000 -150.000000 0.622719 0.020000
-75.000000 -525.000000 -150.000000 0.669741 0.020000
0.000000 -525.000000 -150.000000 0.713663 0.020000
75.000000 -525.000000 -150.000000 0.677510 0.020000
150.000000 -525.000000 -150.000000 0.666580 0.020000
225.000000 -525.000000 -150.000000 0.556650 0.020000
300.000000 -525.000000 -150.000000 0.499338 0.020000
375.000000 -525.000000 -150.000000 0.415585 0.020000
450.000000 -525.000000 -150.000000 0.291013 0.020000
525.000000 -525.000000 -150.000000 0.182689 0.020000
600.000000 -525.000000 -150.000000 0.168620 0.020000
-600.000000 -450.000000 -150.000000 0.235244 0.020000
-525.000000 -450.000000 -150.000000 0.321773 0.020000
-450.000000 -450.000000 -150.000000 0.409644 0.020000
-375.000000 -450.000000 -150.000000 0.561544 0.020000
-300.000000 -450.000000 -150.000000 0.642830 0.020000
-225.000000 -450.000000 -150.000000 0.784457 0.020000
-150.000000 -450.000000 -150.000000 0.862214 0.020000
-75.000000 -450.000000 -150.000000 0.929897 0.020000
0.000000 -450.000000 -150.000000 0.966227 0.020000
75.000000 -450.000000 -150.000000 0.951166 0.020000
150.000000 -450.000000 -150.000000 0.921863 0.020000
225.000000 -450.000000 -150.000000 0.776132 0.020000
300.000000 -450.000000 -150.000000 0.642633 0.020000
375.000000 -450.000000 -150.000000 0.507653 0.020000
450.000000 -450.000000 -150.000000 0.382458 0.020000
525.000000 -450.000000 -150.000000 0.334304 0.020000
600.000000 -450.000000 -150.000000 0.223771 0.020000
-600.000000 -375.000000 -150.000000 0.316791 0.020000
-525.000000 -375.000000 -150.000000 0.414637 0.020000
-450.000000 -375.000000 -150.000000 0.531747 0.020000
-375.000000 -375.000000 -150.000000 0.665923 0.020000
-300.000000 -375.000000 -150.000000 0.846385 0.020000
-225.000000 -375.000000 -150.000000 1.048905 0.020000
-150.000000 -375.000000 -150.000000 1.136862 0.020000
-75.000000 -375.000000 -150.000000 1.222645 0.020000
0.000000 -375.000000 -150.000000 1.251070 0.020000
75.000000 -375.000000 -150.000000 1.246438 0.020000
150.000000 -375.000000 -150.000000 1.132375 0.020000
225.000000 -375.000000 -150.000000 0.980172 0.020000
300.000000 -375.000000 -150.000000 0.860958 0.020000
375.000000 -375.000000 -150.000000 0.667137 0.020000
450.000000 -375.000000 -150.000000 0.512608 0.020000
525.000000 -375.000000 -150.000000 0.398590 0.020000
600.000000 -375.000000 -150.000000 0.289347 0.020000
-600.000000 -300.000000 -150.000000 0.354734 0.020000
-525.000000 -300.000000 -150.000000 0.492635 0.020000
-450.000000 -300.000000 -150.000000 0.670890 0.020000
-375.000000 -300.000000 -150.000000 0.857926 0.020000
-300.000000 -300.000000 -150.000000 1.064393 0.020000
-225.000000 -300.000000 -150.000000 1.240433 0.020000
-150.000000 -300.000000 -150.000000 1.450159 0.020000
-75.000000 -300.000000 -150.000000 1.546266 0.020000
0.000000 -300.000000 -150.000000 1.603755 0.020000
75.000000 -300.000000 -150.000000 1.578016 0.020000
150.000000 -300.000000 -150.000000 1.435029 0.020000
225.000000 -300.000000 -150.000000 1.248095 0.020000
300.000000 -300.000000 -150.000000 1.076757 0.020000
375.000000 -300.000000 -150.000000 0.835586 0.020000
450.000000 -300.000000 -150.000000 0.675001 0.020000
525.000000 -300.000000 -150.000000 0.475779 0.020000
600.000000 -300.000000 -150.000000 0.355338 0.020000
-600.000000 -225.000000 -150.000000 0.408614 0.020000
-525.000000 -225.000000 -150.000000 0.562558 0.020000
-450.000000 -225.000000 -150.000000 0.800256 0.020000
-375.000000 -225.000000 -150.000000 0.975748 0.020000
-300.000000 -225.000000 -150.000000 1.277051 0.020000
-225.000000 -225.000000 -150.000000 1.496963 0.020000
-150.000000 -225.000000 -150.000000 1.745077 0.020000
-75.000000 -225.000000 -150.000000 1.868536 0.020000
0.000000 -225.000000 -150.000000 1.949815 0.020000
75.000000 -225.000000 -150.000000 1.885097 0.020000
150.000000 -225.000000 -150.000000 1.738606 0.020000
225.000000 -225.000000 -150.000000 1.540322 0.020000
300.000000 -225.000000 -150.000000 1.247671 0.020000
375.000000 -225.000000 -150.000000 0.997284 0.020000
450.000000 -225.000000 -150.000000 0.758932 0.020000
525.000000 -225.000000 -150.000000 0.578856 0.020000
600.000000 -225.000000 -150.000000 0.440024 0.020000
-600.000000 -150.000000 -150.000000 0.467114 0.020000
-525.000000 -150.000000 -150.000000 0.627797 0.020000
-450.000000 -150.000000 -150.000000 0.884115 0.020000
-375.000000 -150.000000 -150.000000 1.172283 0.020000
-300.000000 -150.000000 -150.000000 1.460499 0.020000
-225.000000 -150.000000 -150.000000 1.713538 0.020000
-150.000000 -150.000000 -150.000000 1.994281 0.020000
-75.000000 -150.000000 -150.000000 2.193621 0.020000
0.000000 -150.000000 -150.000000 2.267118 0.020000
75.000000 -150.000000 -150.000000 2.142022 0.020000
150.000000 -150.000000 -150.000000 2.007537 0.020000
225.000000 -150.000000 -150.000000 1.743992 0.020000
300.000000 -150.000000 -150.000000 1.432518 0.020000
375.000000 -150.000000 -150.000000 1.179218 0.020000
450.000000 -150.000000 -150.000000 0.851357 0.020000
525.000000 -150.000000 -150.000000 0.666920 0.020000
600.000000 -150.000000 -150.000000 0.494200 0.020000
-600.000000 -75.000000 -150.000000 0.492586 0.020000
-525.000000 -75.000000 -150.000000 0.683898 0.020000
-450.000000 -75.000000 -150.000000 0.948684 0.020000
-375.000000 -75.000000 -150.000000 1.230387 0.020000
-300.000000 -75.000000 -150.000000 1.557883 0.020000
-225.000000 -75.000000 -150.000000 1.901235 0.020000
-150.000000 -75.000000 -150.000000 2.178230 0.020000
-75.000000 -75.000000 -150.000000 2.398174 0.020000
0.000000 -75.000000 -150.000000 2.475511 0.020000
75.000000 -75.000000 -150.000000 2.388810 0.020000
150.000000 -75.000000 -150.000000 2.178193 0.020000
225.000000 -75.000000 -150.000000 1.925391 0.020000
300.000000 -75.000000 -150.000000 1.558497 0.020000
375.000000 -75.000000 -150.000000 1.251962 0.020000
450.000000 -75.000000 -150.000000 0.915817 0.020000
525.000000 -75.000000 -150.000000 0.689257 0.020000
600.000000 -75.000000 -150.000000 0.457433 0.020000
-600.000000 0.000000 -150.000000 0.508740 0.020000
-525.000000 0.000000 -150.000000 0.679634 0.020000
-450.000000 0.000000 -150.000000 0.940030 0.020000
-375.000000 0.000000 -150.000000 1.269331 0.020000
-300.000000 0.000000 -150.000000 1.592910 0.020000
-225.000000 0.000000 -150.000000 1.987296 0.020000
-150.000000 0.000000 -150.000000 2.251470 0.020000
-75.000000 0.000000 -150.000000 2.449947 0.020000
0.000000 0.000000 -150.000000 2.545130 0.020000
75.000000 0.000000 -150.000000 2.436274 0.020000
150.000000 0.000000 -150.000000 2.245670 0.020000
225.000000 0.000000 -150.000000 1.962705 0.020000
300.000000 0.000000 -150.000000 1.640986 0.020000
375.000000 0.000000 -150.000000 1.255092 0.020000
450.000000 0.000000 -150.000000 0.967482 0.020000
525.000000 0.000000 -150.000000 0.713420 0.020000
600.000000 0.000000 -150.000000 0.453102 0.020000
-600.000000 75.000000 -150.000000 0.465323 0.020000
-525.000000 75.000000 -150.000000 0.682892 0.020000
-450.000000 75.000000 -150.000000 0.930374 0.020000
-375.000000 75.000000 -150.000000 1.232725 0.020000
-300.000000 75.000000 -150.000000 1.575784 0.020000
-225.000000 75.000000 -150.000000 1.896202 0.020000
-150.000000 75.000000 -150.000000 2.203343 0.020000
-75.000000 75.000000 -150.000000 2.391668 0.020000
0.000000 75.000000 -150.000000 2.453144 0.020000
75.000000 75.000000 -150.000000 2.428990 0.020000
150.000000 75.000000 -150.000000 2.183068 0.020000
225.000000 75.000000 -150.000000 1.895569 0.020000
300.000000 75.000000 -150.000000 1.547061 0.020000
375.000000 75.000000 -150.000000 1.256346 0.020000
450.000000 75.000000 -150.000000 0.916255 0.020000
525.000000 75.000000 -150.000000 0.700960 0.020000
600.000000 75.000000 -150.000000 0.514018 0.020000
-600.000000 150.000000 -150.000000 0.477141 0.020000
-525.000000 150.000000 -150.000000 0.641597 0.020000
-450.000000 150.000000 -150.000000 0.870950 0.020000
-375.000000 150.000000 -150.000000 1.126648 0.020000
-300.000000 150.000000 -150.000000 1.416174 0.020000
-225.000000 150.000000 -150.000000 1.743642 0.020000
-150.000000 150.000000 -150.000000 2.030604 0.020000
-75.000000 150.000000 -150.000000 2.146445 0.020000
0.000000 150.000000 -150.000000 2.254409 0.020000
75.000000 150.000000 -150.000000 2.192949 0.020000
150.000000 150.000000 -150.000000 2.028402 0.020000
225.000000 150.000000 -150.000000 1.750355 0.020000
300.000000 150.000000 -150.000000 1.473913 0.020000
375.000000 150.000000 -150.000000 1.114827 0.020000
450.000000 150.000000 -150.000000 0.886624 0.020000
525.000000 150.000000 -150.000000 0.630530 0.020000
600.000000 150.000000 -150.000000 0.442718 0.020000
-600.000000 225.000000 -150.000000 0.401083 0.020000
-525.000000 225.000000 -150.000000 0.579608 0.020000
-450.000000 225.000000 -150.000000 0.780532 0.020000
-375.000000 225.000000 -150.000000 0.973530 0.020000
-300.000000 225.000000 -150.000000 1.256807 0.020000
-225.000000 225.000000 -150.000000 1.572964 0.020000
-150.000000 225.000000 -150.000000 1.766547 0.020000
-75.000000 225.000000 -150.000000 1.876760 0.020000
0.000000 225.000000 -150.000000 1.954810 0.020000
75.000000 225.000000 -150.000000 1.882302 0.020000
150.000000 225.000000 -150.000000 1.774182 0.020000
225.000000 225.000000 -150.000000 1.530507 0.020000
300.000000 225.000000 -150.000000 1.283642 0.020000
375.000000 225.000000 -150.000000 1.031421 0.020000
450.000000 225.000000 -150.000000 0.756151 0.020000
525.000000 225.000000 -150.000000 0.572384 0.020000
600.000000 225.000000 -150.000000 0.438500 0.020000
-600.000000 300.000000 -150.000000 0.358279 0.020000
-525.000000 300.000000 -150.000000 0.483516 0.020000
-450.000000 300.000000 -150.000000 0.636823 0.020000
-375.000000 300.000000 -150.000000 0.861009 0.020000
-300.000000 300.000000 -150.000000 1.072480 0.020000
-225.000000 300.000000 -150.000000 1.257232 0.020000
-150.000000 300.000000 -150.000000 1.437843 0.020000
-75.000000 300.000000 -150.000000 1.594424 0.020000
0.000000 300.000000 -150.000000 1.591517 0.020000
75.000000 300.000000 -150.000000 1.512486 0.020000
150.000000 300.000000 -150.000000 1.424575 0.020000
225.000000 300.000000 -150.000000 1.307116 0.020000
300.000000 300.000000 -150.000000 1.049436 0.020000
375.000000 300.000000 -150.000000 0.849044 0.020000
450.000000 300.000000 -150.000000 0.697479 0.020000
525.000000 300.000000 -150.000000 0.512171 0.020000
600.000000 300.000000 -150.000000 0.340092 0.020000
-600.000000 375.000000 -150.000000 0.307112 0.020000
-525.000000 375.000000 -150.000000 0.419458 0.020000
-450.000000 375.000000 -150.000000 0.534836 0.020000
-375.000000 375.000000 -150.000000 0.647718 0.020000
-300.000000 375.000000 -150.000000 0.831721 0.020000
-225.000000 375.000000 -150.000000 1.000863 0.020000
-150.000000 375.000000 -150.000000 1.138293 0.020000
-75.000000 375.000000 -150.000000 1.234039 0.020000
0.000000 375.000000 -150.000000 1.280811 0.020000
75.000000 375.000000 -150.000000 1.259453 0.020000
150.000000 375.000000 -150.000000 1.137135 0.020000
225.000000 375.000000 -150.000000 1.009597 0.020000
300.000000 375.000000 -150.000000 0.825672 0.020000
375.000000 375.000000 -150.000000 0.693283 0.020000
450.000000 375.000000 -150.000000 0.534610 0.020000
525.000000 375.000000 -150.000000 0.383854 0.020000
600.000000 375.000000 -150.000000 0.282836 0.020000
-600.000000 450.000000 -150.000000 0.230085 0.020000
-525.000000 450.000000 -150.000000 0.271345 0.020000
-450.000000 450.000000 -150.000000 0.437572 0.020000
-375.000000 450.000000 -150.000000 0.536093 0.020000
-300.000000 450.000000 -150.000000 0.663812 0.020000
-225.000000 450.000000 -150.000000 0.793762 0.020000
-150.000000 450.000000 -150.000000 0.848972 0.020000
-75.000000 450.000000 -150.000000 0.925227 0.020000
0.000000 450.000000 -150.000000 0.951066 0.020000
75.000000 450.000000 -150.000000 0.922518 0.020000
150.000000 450.000000 -150.000000 0.892144 0.020000
225.000000 450.000000 -150.000000 0.761731 0.020000
300.000000 450.000000 -150.000000 0.641433 0.020000
375.000000 450.000000 -150.000000 0.535381 0.020000
450.000000 450.000000 -150.000000 0.390659 0.020000
525.000000 450.000000 -150.000000 0.306384 0.020000
600.000000 450.000000 -150.000000 0.283165 0.020000
-600.000000 525.000000 -150.000000 0.153057 0.020000
-525.000000 525.000000 -150.000000 0.218656 0.020000
-450.000000 525.000000 -150.000000 0.314597 0.020000
-375.000000 525.000000 -150.000000 0.384376 0.020000
-300.000000 525.000000 -150.000000 0.498992 0.020000
-225.000000 525.000000 -150.000000 0.541513 0.020000
-150.000000 525.000000 -150.000000 0.629014 0.020000
-75.000000 525.000000 -150.000000 0.678009 0.020000
0.000000 525.000000 -150.000000 0.719268 0.020000
75.000000 525.000000 -150.000000 0.706490 0.020000
150.000000 525.000000 -150.000000 0.655528 0.020000
225.000000 525.000000 -150.000000 0.574900 0.020000
300.000000 525.000000 -150.000000 0.494979 0.020000
375.000000 525.000000 -150.000000 0.376301 0.020000
450.000000 525.000000 -150.000000 0.308007 0.020000
525.000000 525.000000 -150.000000 0.230222 0.020000
600.000000 525.000000 -150.000000 0.140887 0.020000
-600.000000 600.000000 -150.000000 0.095957 0.020000
-525.000000 600.000000 -150.000000 0.129737 0.020000
-450.000000 600.000000 -150.000000 0.212720 0.020000
-375.000000 600.000000 -150.000000 0.268690 0.020000
-300.000000 600.000000 -150.000000 0.323251 0.020000
-225.000000 600.000000 -150.000000 0.398703 0.020000
-150.000000 600.000000 -150.000000 0.462841 0.020000
-75.000000 600.000000 -150.000000 0.484680 0.020000
0.000000 600.000000 -150.000000 0.456524 0.020000
75.000000 600.000000 -150.000000 0.507150 0.020000
150.000000 600.000000 -150.000000 0.457535 0.020000
225.000000 600.000000 -150.000000 0.421148 0.020000
300.000000 600.000000 -150.000000 0.352259 0.020000
375.000000 600.000000 -150.000000 0.267552 0.020000
450.000000 600.000000 -150.000000 0.215076 0.020000
525.000000 600.000000 -150.000000 0.166617 0.020000
600.000000 600.000000 -150.000000 0.108063 0.020000
