-600.000000 -600.000000 -150.000000 0.000755 0.050000
-525.000000 -600.000000 -150.000000 -0.042342 0.050000
-450.000000 -600.000000 -150.000000 -0.165972 0.050000
-375.000000 -600.000000 -150.000000 -0.330016 0.050000
-300.000000 -600.000000 -150.000000 -0.508740 0.050000
-225.000000 -600.000000 -150.000000 -0.743089 0.050000
-150.000000 -600.000000 -150.000000 -0.845312 0.050000
-75.000000 -600.000000 -150.000000 -0.975597 0.050000
0.000000 -600.000000 -150.000000 -0.973922 0.050000
75.000000 -600.000000 -150.000000 -0.874311 0.050000
150.000000 -600.000000 -150.000000 -0.781570 0.050000
225.000000 -600.000000 -150.000000 -0.652007 0.050000
300.000000 -600.000000 -150.000000 -0.561748 0.050000
375.000000 -600.000000 -150.000000 -0.370256 0.050000
450.000000 -600.000000 -150.000000 -0.140703 0.050000
525.000000 -600.000000 -150.000000 -0.076795 0.050000
600.000000 -600.000000 -150.000000 0.027244 0.050000
-600.000000 -525.000000 -150.000000 0.053326 0.050000
-525.000000 -525.000000 -150.000000 -0.016730 0.050000
-450.000000 -525.000000 -150.000000 -0.170696 0.050000
-375.000000 -525.000000 -150.000000 -0.402686 0.050000
-300.000000 -525.000000 -150.000000 -0.595676 0.050000
-225.000000 -525.000000 -150.000000 -0.850504 0.050000
-150.000000 -525.000000 -150.000000 -0.990045 0.050000
-75.000000 -525.000000 -150.000000 -1.103701 0.050000
0.000000 -525.000000 -150.000000 -1.211560 0.050000
75.000000 -525.000000 -150.000000 -1.135555 0.050000
150.000000 -525.000000 -150.000000 -0.989229 0.050000
225.000000 -525.000000 -150.000000 -0.778150 0.050000
300.000000 -525.000000 -150.000000 -0.569801 0.050000
375.000000 -525.000000 -150.000000 -0.352389 0.050000
450.000000 -525.000000 -150.000000 -0.172379 0.050000
525.000000 -525.000000 -150.000000 -0.040772 0.050000
600.000000 -525.000000 -150.000000 0.102243 0.050000
-600.000000 -450.000000 -150.000000 0.234851 0.050000
-525.000000 -450.000000 -150.000000 0.059914 0.050000
-450.000000 -450.000000 -150.000000 -0.094445 0.050000
-375.000000 -450.000000 -150.000000 -0.336711 0.050000
-300.000000 -450.000000 -150.000000 -0.750112 0.050000
-225.000000 -450.000000 -150.000000 -1.086647 0.050000
-150.000000 -450.000000 -150.000000 -1.254813 0.050000
-75.000000 -450.000000 -150.000000 -1.372930 0.050000
0.000000 -450.000000 -150.000000 -1.553059 0.050000
75.000000 -450.000000 -150.000000 -1.455588 0.050000
150.000000 -450.000000 -150.000000 -1.124450 0.050000
225.000000 -450.000000 -150.000000 -0.929829 0.050000
300.000000 -450.000000 -150.000000 -0.599237 0.050000
375.000000 -450.000000 -150.000000 -0.373028 0.050000
450.000000 -450.000000 -150.000000 -0.041933 0.050000
525.000000 -450.000000 -150.000000 0.123164 0.050000
600.000000 -450.000000 -150.000000 0.215096 0.050000
-600.000000 -375.000000 -150.000000 0.208223 0.050000
-525.000000 -375.000000 -150.000000 0.145503 0.050000
-450.000000 -375.000000 -150.000000 -0.082050 0.050000
-375.000000 -375.000000 -150.000000 -0.376157 0.050000
-300.000000 -375.000000 -150.000000 -0.621185 0.050000
-225.000000 -375.000000 -150.000000 -1.098150 0.050000
-150.000000 -375.000000 -150.000000 -1.416757 0.050000
-75.000000 -375.000000 -150.000000 -1.775350 0.050000
0.000000 -375.000000 -150.000000 -1.814117 0.050000
75.000000 -375.000000 -150.000000 -1.646737 0.050000
150.000000 -375.000000 -150.000000 -1.488366 0.050000
225.000000 -375.000000 -150.000000 -1.081928 0.050000
300.000000 -375.000000 -150.000000 -0.685143 0.050000
375.000000 -375.000000 -150.000000 -0.303656 0.050000
450.000000 -375.000000 -150.000000 -0.039862 0.050000
525.000000 -375.000000 -150.000000 0.183992 0.050000
600.000000 -375.000000 -150.000000 0.273650 0.050000
-600.000000 -300.000000 -150.000000 0.290175 0.050000
-525.000000 -300.000000 -150.000000 0.334019 0.050000
-450.000000 -300.000000 -150.000000 0.049467 0.050000
-375.000000 -300.000000 -150.000000 -0.283066 0.050000
-300.000000 -300.000000 -150.000000 -0.666022 0.050000
-225.000000 -300.000000 -150.000000 -1.078265 0.050000
-150.000000 -300.000000 -150.000000 -1.571199 0.050000
-75.000000 -300.000000 -150.000000 -1.974749 0.050000
0.000000 -300.000000 -150.000000 -2.101163 0.050000
75.000000 -300.000000 -150.000000 -2.023881 0.050000
150.000000 -300.000000 -150.000000 -1.587878 0.050000
225.000000 -300.000000 -150.000000 -1.197386 0.050000
300.000000 -300.000000 -150.000000 -0.778303 0.050000
375.000000 -300.000000 -150.000000 -0.249300 0.050000
450.000000 -300.000000 -150.000000 0.040022 0.050000
525.000000 -300.000000 -150.000000 0.222969 0.050000
600.000000 -300.000000 -150.000000 0.300361 0.050000
-600.000000 -225.000000 -150.000000 0.412416 0.050000
-525.000000 -225.000000 -150.000000 0.400409 0.050000
-450.000000 -225.000000 -150.000000 0.122060 0.050000
-375.000000 -225.000000 -150.000000 -0.266602 0.050000
-300.000000 -225.000000 -150.000000 -0.728463 0.050000
-225.000000 -225.000000 -150.000000 -1.259466 0.050000
-150.000000 -225.000000 -150.000000 -1.905132 0.050000
-75.000000 -225.000000 -150.000000 -2.215582 0.050000
0.000000 -225.000000 -150.000000 -2.487140 0.050000
75.000000 -225.000000 -150.000000 -2.285492 0.050000
150.000000 -225.000000 -150.000000 -1.848679 0.050000
225.000000 -225.000000 -150.000000 -1.291592 0.050000
300.000000 -225.000000 -150.000000 -0.756555 0.050000
375.000000 -225.000000 -150.000000 -0.222806 0.050000
450.000000 -225.000000 -150.000000 0.215051 0.050000
525.000000 -225.000000 -150.000000 0.351186 0.050000
600.000000 -225.000000 -150.000000 0.467316 0.050000
-600.000000 -150.000000 -150.000000 0.566336 0.050000
-525.000000 -150.000000 -150.000000 0.441905 0.050000
-450.000000 -150.000000 -150.000000 0.202710 0.050000
-375.000000 -150.000000 -150.000000 -0.199038 0.050000
-300.000000 -150.000000 -150.000000 -0.702779 0.050000
-225.000000 -150.000000 -150.000000 -1.397523 0.050000
-150.000000 -150.000000 -150.000000 -2.096673 0.050000
-75.000000 -150.000000 -150.000000 -2.611497 0.050000
0.000000 -150.000000 -150.000000 -2.948911 0.050000
75.000000 -150.000000 -150.000000 -2.676063 0.050000
150.000000 -150.000000 -150.000000 -2.105441 0.050000
225.000000 -150.000000 -150.000000 -1.375586 0.050000
300.000000 -150.000000 -150.000000 -0.648336 0.050000
375.000000 -150.000000 -150.000000 -0.216630 0.050000
450.000000 -150.000000 -150.000000 0.225600 0.050000
525.000000 -150.000000 -150.000000 0.454128 0.050000
600.000000 -150.000000 -150.000000 0.536051 0.050000
-600.000000 -75.000000 -150.000000 0.666033 0.050000
-525.000000 -75.000000 -150.000000 0.421909 0.050000
-450.000000 -75.000000 -150.000000 0.306117 0.050000
-375.000000 -75.000000 -150.000000 -0.167064 0.050000
-300.000000 -75.000000 -150.000000 -0.693239 0.050000
-225.000000 -75.000000 -150.000000 -1.492772 0.050000
-150.000000 -75.000000 -150.000000 -2.242396 0.050000
-75.000000 -75.000000 -150.000000 -2.823658 0.050000
0.000000 -75.000000 -150.000000 -3.144269 0.050000
75.000000 -75.000000 -150.000000 -2.838983 0.050000
150.000000 -75.000000 -150.000000 -2.386917 0.050000
225.000000 -75.000000 -150.000000 -1.411384 0.050000
300.000000 -75.000000 -150.000000 -0.661055 0.050000
375.000000 -75.000000 -150.000000 -0.063857 0.050000
450.000000 -75.000000 -150.000000 0.159128 0.050000
525.000000 -75.000000 -150.000000 0.496867 0.050000
600.000000 -75.000000 -150.000000 0.622542 0.050000
-600.000000 0.000000 -150.000000 0.576273 0.050000
-525.000000 0.000000 -150.000000 0.483224 0.050000
-450.000000 0.000000 -150.000000 0.308176 0.050000
-375.000000 0.000000 -150.000000 -0.087202 0.050000
-300.000000 0.000000 -150.000000 -0.622141 0.050000
-225.000000 0.000000 -150.000000 -1.386942 0.050000
-150.000000 0.000000 -150.000000 -2.307422 0.050000
-75.000000 0.000000 -150.000000 -2.877787 0.050000
0.000000 0.000000 -150.000000 -3.168662 0.050000
75.000000 0.000000 -150.000000 -2.932756 0.050000
150.000000 0.000000 -150.000000 -2.277599 0.050000
225.000000 0.000000 -150.000000 -1.483780 0.050000
300.000000 0.000000 -150.000000 -0.703423 0.050000
375.000000 0.000000 -150.000000 -0.091310 0.050000
450.000000 0.000000 -150.000000 0.366197 0.050000
525.000000 0.000000 -150.000000 0.511825 0.050000
600.000000 0.000000 -150.000000 0.643104 0.050000
-600.000000 75.000000 -150.000000 0.627225 0.050000
-525.000000 75.000000 -150.000000 0.465579 0.050000
-450.000000 75.000000 -150.000000 0.271233 0.050000
-375.000000 75.000000 -150.000000 -0.098175 0.050000
-300.000000 75.000000 -150.000000 -0.616354 0.050000
-225.000000 75.000000 -150.000000 -1.461209 0.050000
-150.000000 75.000000 -150.000000 -2.206979 0.050000
-75.000000 75.000000 -150.000000 -2.916669 0.050000
0.000000 75.000000 -150.000000 -3.114762 0.050000
75.000000 75.000000 -150.000000 -2.905828 0.050000
150.000000 75.000000 -150.000000 -2.292872 0.050000
225.000000 75.000000 -150.000000 -1.413508 0.050000
300.000000 75.000000 -150.000000 -0.714748 0.050000
375.000000 75.000000 -150.000000 -0.112551 0.050000
450.000000 75.000000 -150.000000 0.265855 0.050000
525.000000 75.000000 -150.000000 0.623997 0.050000
600.000000 75.000000 -150.000000 0.569153 0.050000
-600.000000 150.000000 -150.000000 0.519880 0.050000
-525.000000 150.000000 -150.000000 0.430566 0.050000
-450.000000 150.000000 -150.000000 0.148267 0.050000
-375.000000 150.000000 -150.000000 -0.170230 0.050000
-300.000000 150.000000 -150.000000 -0.724140 0.050000
-225.000000 150.000000 -150.000000 -1.399216 0.050000
-150.000000 150.000000 -150.000000 -2.052807 0.050000
-75.000000 150.000000 -150.000000 -2.728977 0.050000
0.000000 150.000000 -150.000000 -2.864633 0.050000
75.000000 150.000000 -150.000000 -2.667865 0.050000
150.000000 150.000000 -150.000000 -2.070388 0.050000
225.000000 150.000000 -150.000000 -1.466179 0.050000
300.000000 150.000000 -150.000000 -0.791762 0.050000
375.000000 150.000000 -150.000000 -0.009204 0.050000
450.000000 150.000000 -150.000000 0.218439 0.050000
525.000000 150.000000 -150.000000 0.440487 0.050000
600.000000 150.000000 -150.000000 0.631656 0.050000
-600.000000 225.000000 -150.000000 0.457520 0.050000
-525.000000 225.000000 -150.000000 0.298426 0.050000
-450.000000 225.000000 -150.000000 0.154406 0.050000
-375.000000 225.000000 -150.000000 -0.204082 0.050000
-300.000000 225.000000 -150.000000 -0.651624 0.050000
-225.000000 225.000000 -150.000000 -1.275910 0.050000
-150.000000 225.000000 -150.000000 -1.863514 0.050000
-75.000000 225.000000 -150.000000 -2.423057 0.050000
0.000000 225.000000 -150.000000 -2.640142 0.050000
75.000000 225.000000 -150.000000 -2.240428 0.050000
150.000000 225.000000 -150.000000 -1.901132 0.050000
225.000000 225.000000 -150.000000 -1.345159 0.050000
300.000000 225.000000 -150.000000 -0.767509 0.050000
375.000000 225.000000 -150.000000 -0.216567 0.050000
450.000000 225.000000 -150.000000 0.062799 0.050000
525.000000 225.000000 -150.000000 0.344105 0.050000
600.000000 225.000000 -150.000000 0.450711 0.050000
-600.000000 300.000000 -150.000000 0.329027 0.050000
-525.000000 300.000000 -150.000000 0.235873 0.050000
-450.000000 300.000000 -150.000000 0.038544 0.050000
-375.000000 300.000000 -150.000000 -0.288411 0.050000
-300.000000 300.000000 -150.000000 -0.711836 0.050000
-225.000000 300.000000 -150.000000 -1.194213 0.050000
-150.000000 300.000000 -150.000000 -1.611162 0.050000
-75.000000 300.000000 -150.000000 -2.021734 0.050000
0.000000 300.000000 -150.000000 -2.148836 0.050000
75.000000 300.000000 -150.000000 -1.996398 0.050000
150.000000 300.000000 -150.000000 -1.604160 0.050000
225.000000 300.000000 -150.000000 -1.165517 0.050000
300.000000 300.000000 -150.000000 -0.790468 0.050000
375.000000 300.000000 -150.000000 -0.253632 0.050000
450.000000 300.000000 -150.000000 0.144993 0.050000
525.000000 300.000000 -150.000000 0.295615 0.050000
600.000000 300.000000 -150.000000 0.375656 0.050000
-600.000000 375.000000 -150.000000 0.264998 0.050000
-525.000000 375.000000 -150.000000 0.206946 0.050000
-450.000000 375.000000 -150.000000 -0.139531 0.050000
-375.000000 375.000000 -150.000000 -0.244313 0.050000
-300.000000 375.000000 -150.000000 -0.661662 0.050000
-225.000000 375.000000 -150.000000 -1.069249 0.050000
-150.000000 375.000000 -150.000000 -1.360632 0.050000
-75.000000 375.000000 -150.000000 -1.743449 0.050000
0.000000 375.000000 -150.000000 -1.879687 0.050000
75.000000 375.000000 -150.000000 -1.795080 0.050000
150.000000 375.000000 -150.000000 -1.501972 0.050000
225.000000 375.000000 -150.000000 -1.102651 0.050000
300.000000 375.000000 -150.000000 -0.662631 0.050000
375.000000 375.000000 -150.000000 -0.336222 0.050000
450.000000 375.000000 -150.000000 -0.047204 0.050000
525.000000 375.000000 -150.000000 0.096574 0.050000
600.000000 375.000000 -150.000000 0.348454 0.050000
-600.000000 450.000000 -150.000000 0.199350 0.050000
-525.000000 450.000000 -150.000000 -0.024293 0.050000
-450.000000 450.000000 -150.000000 -0.154267 0.050000
-375.000000 450.000000 -150.000000 -0.353455 0.050000
-300.000000 450.000000 -150.000000 -0.671625 0.050000
-225.000000 450.000000 -150.000000 -0.951486 0.050000
-150.000000 450.000000 -150.000000 -1.274294 0.050000
-75.000000 450.000000 -150.000000 -1.345456 0.050000
0.000000 450.000000 -150.000000 -1.636316 0.050000
75.000000 450.000000 -150.000000 -1.389123 0.050000
150.000000 450.000000 -150.000000 -1.258051 0.050000
225.000000 450.000000 -150.000000 -0.887745 0.050000
300.000000 450.000000 -150.000000 -0.487448 0.050000
375.000000 450.000000 -150.000000 -0.355157 0.050000
450.000000 450.000000 -150.000000 -0.094335 0.050000
525.000000 450.000000 -150.000000 0.088475 0.050000
600.000000 450.000000 -150.000000 0.116616 0.050000
-600.000000 525.000000 -150.000000 0.163373 0.050000
-525.000000 525.000000 -150.000000 -0.055818 0.050000
-450.000000 525.000000 -150.000000 -0.171813 0.050000
-375.000000 525.000000 -150.000000 -0.378181 0.050000
-300.000000 525.000000 -150.000000 -0.653486 0.050000
-225.000000 525.000000 -150.000000 -0.787300 0.050000
-150.000000 525.000000 -150.000000 -1.010318 0.050000
-75.000000 525.000000 -150.000000 -1.090149 0.050000
0.000000 525.000000 -150.000000 -1.202761 0.050000
75.000000 525.000000 -150.000000 -1.196207 0.050000
150.000000 525.000000 -150.000000 -0.991760 0.050000
225.000000 525.000000 -150.000000 -0.888389 0.050000
300.000000 525.000000 -150.000000 -0.534201 0.050000
375.000000 525.000000 -150.000000 -0.409185 0.050000
450.000000 525.000000 -150.000000 -0.197763 0.050000
525.000000 525.000000 -150.000000 -0.047567 0.050000
600.000000 525.000000 -150.000000 0.162535 0.050000
-600.000000 600.000000 -150.000000 0.097123 0.050000
-525.000000 600.000000 -150.000000 -0.043237 0.050000
-450.000000 600.000000 -150.000000 -0.205266 0.050000
-375.000000 600.000000 -150.000000 -0.360305 0.050000
-300.000000 600.000000 -150.000000 -0.484587 0.050000
-225.000000 600.000000 -150.000000 -0.590750 0.050000
-150.000000 600.000000 -150.000000 -0.879687 0.050000
-75.000000 600.000000 -150.000000 -0.891701 0.050000
0.000000 600.000000 -150.000000 -0.908450 0.050000
75.000000 600.000000 -150.000000 -0.919783 0.050000
150.000000 600.000000 -150.000000 -0.890898 0.050000
225.000000 600.000000 -150.000000 -0.717585 0.050000
300.000000 600.000000 -150.000000 -0.506427 0.050000
375.000000 600.000000 -150.000000 -0.397219 0.050000
450.000000 600.000000 -150.000000 -0.231739 0.050000
525.000000 600.000000 -150.000000 -0.053897 0.050000
600.000000 600.000000 -150.000000 0.133691 0.050000
