-600.000000 -600.000000 -150.000000 0.503524 0.050000
-525.000000 -600.000000 -150.000000 0.595837 0.050000
-450.000000 -600.000000 -150.000000 0.594976 0.050000
-375.000000 -600.000000 -150.000000 0.672549 0.050000
-300.000000 -600.000000 -150.000000 0.583408 0.050000
-225.000000 -600.000000 -150.000000 0.466249 0.050000
-150.000000 -600.000000 -150.000000 0.379435 0.050000
-75.000000 -600.000000 -150.000000 0.227418 0.050000
0.000000 -600.000000 -150.000000 -0.033064 0.050000
75.000000 -600.000000 -150.000000 -0.226175 0.050000
150.000000 -600.000000 -150.000000 -0.411749 0.050000
225.000000 -600.000000 -150.000000 -0.542510 0.050000
300.000000 -600.000000 -150.000000 -0.693569 0.050000
375.000000 -600.000000 -150.000000 -0.635664 0.050000
450.000000 -600.000000 -150.000000 -0.505252 0.050000
525.000000 -600.000000 -150.000000 -0.581295 0.050000
600.000000 -600.000000 -150.000000 -0.610134 0.050000
-600.000000 -525.000000 -150.000000 0.526466 0.050000
-525.000000 -525.000000 -150.000000 0.653179 0.050000
-450.000000 -525.000000 -150.000000 0.662749 0.050000
-375.000000 -525.000000 -150.000000 0.719378 0.050000
-300.000000 -525.000000 -150.000000 0.725437 0.050000
-225.000000 -525.000000 -150.000000 0.640507 0.050000
-150.000000 -525.000000 -150.000000 0.478283 0.050000
-75.000000 -525.000000 -150.000000 0.319535 0.050000
0.000000 -525.000000 -150.000000 0.097277 0.050000
75.000000 -525.000000 -150.000000 -0.294587 0.050000
150.000000 -525.000000 -150.000000 -0.421968 0.050000
225.000000 -525.000000 -150.000000 -0.521586 0.050000
300.000000 -525.000000 -150.000000 -0.671767 0.050000
375.000000 -525.000000 -150.000000 -0.759693 0.050000
450.000000 -525.000000 -150.000000 -0.695368 0.050000
525.000000 -525.000000 -150.000000 -0.598267 0.050000
600.000000 -525.000000 -150.000000 -0.606496 0.050000
-600.000000 -450.000000 -150.000000 0.519469 0.050000
-525.000000 -450.000000 -150.000000 0.800260 0.050000
-450.000000 -450.000000 -150.000000 0.741607 0.050000
-375.000000 -450.000000 -150.000000 0.806883 0.050000
-300.000000 -450.000000 -150.000000 0.789923 0.050000
-225.000000 -450.000000 -150.000000 0.695706 0.050000
-150.000000 -450.000000 -150.000000 0.523254 0.050000
-75.000000 -450.000000 -150.000000 0.288012 0.050000
0.000000 -450.000000 -150.000000 -0.060573 0.050000
75.000000 -450.000000 -150.000000 -0.255667 0.050000
150.000000 -450.000000 -150.000000 -0.507936 0.050000
225.000000 -450.000000 -150.000000 -0.696233 0.050000
300.000000 -450.000000 -150.000000 -0.772751 0.050000
375.000000 -450.000000 -150.000000 -0.796111 0.050000
450.000000 -450.000000 -150.000000 -0.791467 0.050000
525.000000 -450.000000 -150.000000 -0.754960 0.050000
600.000000 -450.000000 -150.000000 -0.642097 0.050000
-600.000000 -375.000000 -150.000000 0.528560 0.050000
-525.000000 -375.000000 -150.000000 0.773303 0.050000
-450.000000 -375.000000 -150.000000 0.717974 0.050000
-375.000000 -375.000000 -150.000000 0.873897 0.050000
-300.000000 -375.000000 -150.000000 0.874141 0.050000
-225.000000 -375.000000 -150.000000 0.784927 0.050000
-150.000000 -375.000000 -150.000000 0.540527 0.050000
-75.000000 -375.000000 -150.000000 0.316591 0.050000
0.000000 -375.000000 -150.000000 0.014464 0.050000
75.000000 -375.000000 -150.000000 -0.297949 0.050000
150.000000 -375.000000 -150.000000 -0.575767 0.050000
225.000000 -375.000000 -150.000000 -0.690174 0.050000
300.000000 -375.000000 -150.000000 -0.781419 0.050000
375.000000 -375.000000 -150.000000 -0.870444 0.050000
450.000000 -375.000000 -150.000000 -0.773944 0.050000
525.000000 -375.000000 -150.000000 -0.754296 0.050000
600.000000 -375.000000 -150.000000 -0.672198 0.050000
-600.000000 -300.000000 -150.000000 0.540529 0.050000
-525.000000 -300.000000 -150.000000 0.717316 0.050000
-450.000000 -300.000000 -150.000000 0.862343 0.050000
-375.000000 -300.000000 -150.000000 0.882169 0.050000
-300.000000 -300.000000 -150.000000 0.881373 0.050000
-225.000000 -300.000000 -150.000000 0.842915 0.050000
-150.000000 -300.000000 -150.000000 0.589066 0.050000
-75.000000 -300.000000 -150.000000 0.340515 0.050000
0.000000 -300.000000 -150.000000 0.031088 0.050000
75.000000 -300.000000 -150.000000 -0.371461 0.050000
150.000000 -300.000000 -150.000000 -0.696057 0.050000
225.000000 -300.000000 -150.000000 -0.823896 0.050000
300.000000 -300.000000 -150.000000 -0.857925 0.050000
375.000000 -300.000000 -150.000000 -0.808942 0.050000
450.000000 -300.000000 -150.000000 -0.786265 0.050000
525.000000 -300.000000 -150.000000 -0.662152 0.050000
600.000000 -300.000000 -150.000000 -0.591448 0.050000
-600.000000 -225.000000 -150.000000 0.574987 0.050000
-525.000000 -225.000000 -150.000000 0.525245 0.050000
-450.000000 -225.000000 -150.000000 0.804782 0.050000
-375.000000 -225.000000 -150.000000 0.911959 0.050000
-300.000000 -225.000000 -150.000000 0.777469 0.050000
-225.000000 -225.000000 -150.000000 0.766337 0.050000
-150.000000 -225.000000 -150.000000 0.597134 0.050000
-75.000000 -225.000000 -150.000000 0.336409 0.050000
0.000000 -225.000000 -150.000000 -0.034241 0.050000
75.000000 -225.000000 -150.000000 -0.386357 0.050000
150.000000 -225.000000 -150.000000 -0.680414 0.050000
225.000000 -225.000000 -150.000000 -0.762933 0.050000
300.000000 -225.000000 -150.000000 -0.868614 0.050000
375.000000 -225.000000 -150.000000 -0.790966 0.050000
450.000000 -225.000000 -150.000000 -0.663326 0.050000
525.000000 -225.000000 -150.000000 -0.602810 0.050000
600.000000 -225.000000 -150.000000 -0.535928 0.050000
-600.000000 -150.000000 -150.000000 0.356426 0.050000
-525.000000 -150.000000 -150.000000 0.521535 0.050000
-450.000000 -150.000000 -150.000000 0.700592 0.050000
-375.000000 -150.000000 -150.000000 0.655453 0.050000
-300.000000 -150.000000 -150.000000 0.566892 0.050000
-225.000000 -150.000000 -150.000000 0.627686 0.050000
-150.000000 -150.000000 -150.000000 0.510196 0.050000
-75.000000 -150.000000 -150.000000 0.306876 0.050000
0.000000 -150.000000 -150.000000 -0.063359 0.050000
75.000000 -150.000000 -150.000000 -0.205907 0.050000
150.000000 -150.000000 -150.000000 -0.477375 0.050000
225.000000 -150.000000 -150.000000 -0.563136 0.050000
300.000000 -150.000000 -150.000000 -0.653561 0.050000
375.000000 -150.000000 -150.000000 -0.674414 0.050000
450.000000 -150.000000 -150.000000 -0.564440 0.050000
525.000000 -150.000000 -150.000000 -0.414788 0.050000
600.000000 -150.000000 -150.000000 -0.370197 0.050000
-600.000000 -75.000000 -150.000000 0.152184 0.050000
-525.000000 -75.000000 -150.000000 0.287250 0.050000
-450.000000 -75.000000 -150.000000 0.307823 0.050000
-375.000000 -75.000000 -150.000000 0.354926 0.050000
-300.000000 -75.000000 -150.000000 0.382261 0.050000
-225.000000 -75.000000 -150.000000 0.336970 0.050000
-150.000000 -75.000000 -150.000000 0.300928 0.050000
-75.000000 -75.000000 -150.000000 0.156129 0.050000
0.000000 -75.000000 -150.000000 -0.075490 0.050000
75.000000 -75.000000 -150.000000 -0.148517 0.050000
150.000000 -75.000000 -150.000000 -0.310708 0.050000
225.000000 -75.000000 -150.000000 -0.268404 0.050000
300.000000 -75.000000 -150.000000 -0.411958 0.050000
375.000000 -75.000000 -150.000000 -0.413740 0.050000
450.000000 -75.000000 -150.000000 -0.278167 0.050000
525.000000 -75.000000 -150.000000 -0.303915 0.050000
600.000000 -75.000000 -150.000000 -0.225682 0.050000
-600.000000 0.000000 -150.000000 0.072830 0.050000
-525.000000 0.000000 -150.000000 0.023296 0.050000
-450.000000 0.000000 -150.000000 0.004654 0.050000
-375.000000 0.000000 -150.000000 0.003792 0.050000
-300.000000 0.000000 -150.000000 -0.041150 0.050000
-225.000000 0.000000 -150.000000 -0.061008 0.050000
-150.000000 0.000000 -150.000000 0.037369 0.050000
-75.000000 0.000000 -150.000000 0.029575 0.050000
0.000000 0.000000 -150.000000 0.004589 0.050000
75.000000 0.000000 -150.000000 -0.053020 0.050000
150.000000 0.000000 -150.000000 -0.032544 0.050000
225.000000 0.000000 -150.000000 -0.064285 0.050000
300.000000 0.000000 -150.000000 -0.063028 0.050000
375.000000 0.000000 -150.000000 0.044455 0.050000
450.000000 0.000000 -150.000000 0.009829 0.050000
525.000000 0.000000 -150.000000 -0.010716 0.050000
600.000000 0.000000 -150.000000 -0.022936 0.050000
-600.000000 75.000000 -150.000000 -0.147738 0.050000
-525.000000 75.000000 -150.000000 -0.293238 0.050000
-450.000000 75.000000 -150.000000 -0.353296 0.050000
-375.000000 75.000000 -150.000000 -0.389106 0.050000
-300.000000 75.000000 -150.000000 -0.330550 0.050000
-225.000000 75.000000 -150.000000 -0.414608 0.050000
-150.000000 75.000000 -150.000000 -0.307837 0.050000
-75.000000 75.000000 -150.000000 -0.162596 0.050000
0.000000 75.000000 -150.000000 -0.075242 0.050000
75.000000 75.000000 -150.000000 0.177672 0.050000
150.000000 75.000000 -150.000000 0.232444 0.050000
225.000000 75.000000 -150.000000 0.290781 0.050000
300.000000 75.000000 -150.000000 0.302367 0.050000
375.000000 75.000000 -150.000000 0.378270 0.050000
450.000000 75.000000 -150.000000 0.310257 0.050000
525.000000 75.000000 -150.000000 0.260443 0.050000
600.000000 75.000000 -150.000000 0.242573 0.050000
-600.000000 150.000000 -150.000000 -0.336270 0.050000
-525.000000 150.000000 -150.000000 -0.391642 0.050000
-450.000000 150.000000 -150.000000 -0.501294 0.050000
-375.000000 150.000000 -150.000000 -0.602700 0.050000
-300.000000 150.000000 -150.000000 -0.647702 0.050000
-225.000000 150.000000 -150.000000 -0.605231 0.050000
-150.000000 150.000000 -150.000000 -0.428449 0.050000
-75.000000 150.000000 -150.000000 -0.267326 0.050000
0.000000 150.000000 -150.000000 -0.072102 0.050000
75.000000 150.000000 -150.000000 0.297029 0.050000
150.000000 150.000000 -150.000000 0.508085 0.050000
225.000000 150.000000 -150.000000 0.620180 0.050000
300.000000 150.000000 -150.000000 0.694819 0.050000
375.000000 150.000000 -150.000000 0.558090 0.050000
450.000000 150.000000 -150.000000 0.546041 0.050000
525.000000 150.000000 -150.000000 0.453889 0.050000
600.000000 150.000000 -150.000000 0.373584 0.050000
-600.000000 225.000000 -150.000000 -0.484802 0.050000
-525.000000 225.000000 -150.000000 -0.593679 0.050000
-450.000000 225.000000 -150.000000 -0.699693 0.050000
-375.000000 225.000000 -150.000000 -0.705861 0.050000
-300.000000 225.000000 -150.000000 -0.796676 0.050000
-225.000000 225.000000 -150.000000 -0.832354 0.050000
-150.000000 225.000000 -150.000000 -0.593253 0.050000
-75.000000 225.000000 -150.000000 -0.337461 0.050000
0.000000 225.000000 -150.000000 0.013735 0.050000
75.000000 225.000000 -150.000000 0.334562 0.050000
150.000000 225.000000 -150.000000 0.562438 0.050000
225.000000 225.000000 -150.000000 0.724508 0.050000
300.000000 225.000000 -150.000000 0.829306 0.050000
375.000000 225.000000 -150.000000 0.718342 0.050000
450.000000 225.000000 -150.000000 0.737903 0.050000
525.000000 225.000000 -150.000000 0.625128 0.050000
600.000000 225.000000 -150.000000 0.497664 0.050000
-600.000000 300.000000 -150.000000 -0.547760 0.050000
-525.000000 300.000000 -150.000000 -0.615972 0.050000
-450.000000 300.000000 -150.000000 -0.769592 0.050000
-375.000000 300.000000 -150.000000 -0.839557 0.050000
-300.000000 300.000000 -150.000000 -0.903163 0.050000
-225.000000 300.000000 -150.000000 -0.764242 0.050000
-150.000000 300.000000 -150.000000 -0.693041 0.050000
-75.000000 300.000000 -150.000000 -0.380922 0.050000
0.000000 300.000000 -150.000000 -0.035253 0.050000
75.000000 300.000000 -150.000000 0.395828 0.050000
150.000000 300.000000 -150.000000 0.708102 0.050000
225.000000 300.000000 -150.000000 0.876717 0.050000
300.000000 300.000000 -150.000000 0.902655 0.050000
375.000000 300.000000 -150.000000 0.856558 0.050000
450.000000 300.000000 -150.000000 0.811627 0.050000
525.000000 300.000000 -150.000000 0.739675 0.050000
600.000000 300.000000 -150.000000 0.540611 0.050000
-600.000000 375.000000 -150.000000 -0.676259 0.050000
-525.000000 375.000000 -150.000000 -0.728910 0.050000
-450.000000 375.000000 -150.000000 -0.857799 0.050000
-375.000000 375.000000 -150.000000 -0.830913 0.050000
-300.000000 375.000000 -150.000000 -0.779069 0.050000
-225.000000 375.000000 -150.000000 -0.792213 0.050000
-150.000000 375.000000 -150.000000 -0.657503 0.050000
-75.000000 375.000000 -150.000000 -0.186883 0.050000
0.000000 375.000000 -150.000000 0.106367 0.050000
75.000000 375.000000 -150.000000 0.280648 0.050000
150.000000 375.000000 -150.000000 0.567739 0.050000
225.000000 375.000000 -150.000000 0.820248 0.050000
300.000000 375.000000 -150.000000 0.937470 0.050000
375.000000 375.000000 -150.000000 0.928704 0.050000
450.000000 375.000000 -150.000000 0.835466 0.050000
525.000000 375.000000 -150.000000 0.660977 0.050000
600.000000 375.000000 -150.000000 0.583604 0.050000
-600.000000 450.000000 -150.000000 -0.671199 0.050000
-525.000000 450.000000 -150.000000 -0.721537 0.050000
-450.000000 450.000000 -150.000000 -0.711641 0.050000
-375.000000 450.000000 -150.000000 -0.885978 0.050000
-300.000000 450.000000 -150.000000 -0.938267 0.050000
-225.000000 450.000000 -150.000000 -0.729045 0.050000
-150.000000 450.000000 -150.000000 -0.595369 0.050000
-75.000000 450.000000 -150.000000 -0.392971 0.050000
0.000000 450.000000 -150.000000 0.043907 0.050000
75.000000 450.000000 -150.000000 0.286544 0.050000
150.000000 450.000000 -150.000000 0.445287 0.050000
225.000000 450.000000 -150.000000 0.658694 0.050000
300.000000 450.000000 -150.000000 0.875700 0.050000
375.000000 450.000000 -150.000000 0.855353 0.050000
450.000000 450.000000 -150.000000 0.841689 0.050000
525.000000 450.000000 -150.000000 0.688152 0.050000
600.000000 450.000000 -150.000000 0.591382 0.050000
-600.000000 525.000000 -150.000000 -0.585093 0.050000
-525.000000 525.000000 -150.000000 -0.595020 0.050000
-450.000000 525.000000 -150.000000 -0.663434 0.050000
-375.000000 525.000000 -150.000000 -0.648281 0.050000
-300.000000 525.000000 -150.000000 -0.605303 0.050000
-225.000000 525.000000 -150.000000 -0.622393 0.050000
-150.000000 525.000000 -150.000000 -0.487055 0.050000
-75.000000 525.000000 -150.000000 -0.231348 0.050000
0.000000 525.000000 -150.000000 0.035002 0.050000
75.000000 525.000000 -150.000000 0.238983 0.050000
150.000000 525.000000 -150.000000 0.502413 0.050000
225.000000 525.000000 -150.000000 0.557008 0.050000
300.000000 525.000000 -150.000000 0.702843 0.050000
375.000000 525.000000 -150.000000 0.751239 0.050000
450.000000 525.000000 -150.000000 0.712233 0.050000
525.000000 525.000000 -150.000000 0.649511 0.050000
600.000000 525.000000 -150.000000 0.541354 0.050000
-600.000000 600.000000 -150.000000 -0.536492 0.050000
-525.000000 600.000000 -150.000000 -0.613389 0.050000
-450.000000 600.000000 -150.000000 -0.617532 0.050000
-375.000000 600.000000 -150.000000 -0.602411 0.050000
-300.000000 600.000000 -150.000000 -0.603602 0.050000
-225.000000 600.000000 -150.000000 -0.556017 0.050000
-150.000000 600.000000 -150.000000 -0.389731 0.050000
-75.000000 600.000000 -150.000000 -0.119381 0.050000
0.000000 600.000000 -150.000000 -0.025880 0.050000
75.000000 600.000000 -150.000000 0.220427 0.050000
150.000000 600.000000 -150.000000 0.334738 0.050000
225.000000 600.000000 -150.000000 0.448146 0.050000
300.000000 600.000000 -150.000000 0.593869 0.050000
375.000000 600.000000 -150.000000 0.548455 0.050000
450.000000 600.000000 -150.000000 0.605327 0.050000
525.000000 600.000000 -150.000000 0.526693 0.050000
600.000000 600.000000 -150.000000 0.560513 0.050000
