-600.000000 -600.000000 -150.000000 0.426294 0.050000
-525.000000 -600.000000 -150.000000 0.533659 0.050000
-450.000000 -600.000000 -150.000000 0.575419 0.050000
-375.000000 -600.000000 -150.000000 0.511699 0.050000
-300.000000 -600.000000 -150.000000 0.495743 0.050000
-225.000000 -600.000000 -150.000000 0.461654 0.050000
-150.000000 -600.000000 -150.000000 0.297610 0.050000
-75.000000 -600.000000 -150.000000 0.236942 0.050000
0.000000 -600.000000 -150.000000 0.001264 0.050000
75.000000 -600.000000 -150.000000 -0.158171 0.050000
150.000000 -600.000000 -150.000000 -0.371228 0.050000
225.000000 -600.000000 -150.000000 -0.421729 0.050000
300.000000 -600.000000 -150.000000 -0.528745 0.050000
375.000000 -600.000000 -150.000000 -0.660792 0.050000
450.000000 -600.000000 -150.000000 -0.603180 0.050000
525.000000 -600.000000 -150.000000 -0.496535 0.050000
600.000000 -600.000000 -150.000000 -0.495251 0.050000
-600.000000 -525.000000 -150.000000 0.561883 0.050000
-525.000000 -525.000000 -150.000000 0.707533 0.050000
-450.000000 -525.000000 -150.000000 0.765018 0.050000
-375.000000 -525.000000 -150.000000 0.755936 0.050000
-300.000000 -525.000000 -150.000000 0.725358 0.050000
-225.000000 -525.000000 -150.000000 0.703409 0.050000
-150.000000 -525.000000 -150.000000 0.382442 0.050000
-75.000000 -525.000000 -150.000000 0.249603 0.050000
0.000000 -525.000000 -150.000000 -0.086487 0.050000
75.000000 -525.000000 -150.000000 -0.201710 0.050000
150.000000 -525.000000 -150.000000 -0.462085 0.050000
225.000000 -525.000000 -150.000000 -0.692724 0.050000
300.000000 -525.000000 -150.000000 -0.715856 0.050000
375.000000 -525.000000 -150.000000 -0.726127 0.050000
450.000000 -525.000000 -150.000000 -0.759203 0.050000
525.000000 -525.000000 -150.000000 -0.688838 0.050000
600.000000 -525.000000 -150.000000 -0.591090 0.050000
-600.000000 -450.000000 -150.000000 0.735030 0.050000
-525.000000 -450.000000 -150.000000 0.985477 0.050000
-450.000000 -450.000000 -150.000000 0.987126 0.050000
-375.000000 -450.000000 -150.000000 0.994335 0.050000
-300.000000 -450.000000 -150.000000 0.945035 0.050000
-225.000000 -450.000000 -150.000000 0.923636 0.050000
-150.000000 -450.000000 -150.000000 0.644618 0.050000
-75.000000 -450.000000 -150.000000 0.320986 0.050000
0.000000 -450.000000 -150.000000 0.059093 0.050000
75.000000 -450.000000 -150.000000 -0.274867 0.050000
150.000000 -450.000000 -150.000000 -0.636185 0.050000
225.000000 -450.000000 -150.000000 -0.909743 0.050000
300.000000 -450.000000 -150.000000 -0.977110 0.050000
375.000000 -450.000000 -150.000000 -1.057192 0.050000
450.000000 -450.000000 -150.000000 -0.969250 0.050000
525.000000 -450.000000 -150.000000 -0.822013 0.050000
600.000000 -450.000000 -150.000000 -0.775281 0.050000
-600.000000 -375.000000 -150.000000 0.872541 0.050000
-525.000000 -375.000000 -150.000000 0.971242 0.050000
-450.000000 -375.000000 -150.000000 1.207885 0.050000
-375.000000 -375.000000 -150.000000 1.222145 0.050000
-300.000000 -375.000000 -150.000000 1.286393 0.050000
-225.000000 -375.000000 -150.000000 1.204085 0.050000
-150.000000 -375.000000 -150.000000 0.865079 0.050000
-75.000000 -375.000000 -150.000000 0.501525 0.050000
0.000000 -375.000000 -150.000000 0.021393 0.050000
75.000000 -375.000000 -150.000000 -0.472886 0.050000
150.000000 -375.000000 -150.000000 -0.868355 0.050000
225.000000 -375.000000 -150.000000 -1.131078 0.050000
300.000000 -375.000000 -150.000000 -1.290351 0.050000
375.000000 -375.000000 -150.000000 -1.298642 0.050000
450.000000 -375.000000 -150.000000 -1.156727 0.050000
525.000000 -375.000000 -150.000000 -1.031906 0.050000
600.000000 -375.000000 -150.000000 -0.847869 0.050000
-600.000000 -300.000000 -150.000000 1.068623 0.050000
-525.000000 -300.000000 -150.000000 1.274313 0.050000
-450.000000 -300.000000 -150.000000 1.464026 0.050000
-375.000000 -300.000000 -150.000000 1.612796 0.050000
-300.000000 -300.000000 -150.000000 1.683810 0.050000
-225.000000 -300.000000 -150.000000 1.482017 0.050000
-150.000000 -300.000000 -150.000000 1.190951 0.050000
-75.000000 -300.000000 -150.000000 0.702294 0.050000
0.000000 -300.000000 -150.000000 -0.019774 0.050000
75.000000 -300.000000 -150.000000 -0.708053 0.050000
150.000000 -300.000000 -150.000000 -1.110464 0.050000
225.000000 -300.000000 -150.000000 -1.519721 0.050000
300.000000 -300.000000 -150.000000 -1.635146 0.050000
375.000000 -300.000000 -150.000000 -1.572281 0.050000
450.000000 -300.000000 -150.000000 -1.459335 0.050000
525.000000 -300.000000 -150.000000 -1.278019 0.050000
600.000000 -300.000000 -150.000000 -1.172740 0.050000
-600.000000 -225.000000 -150.000000 1.279171 0.050000
-525.000000 -225.000000 -150.000000 1.500158 0.050000
-450.000000 -225.000000 -150.000000 1.684810 0.050000
-375.000000 -225.000000 -150.000000 1.964992 0.050000
-300.000000 -225.000000 -150.000000 2.072904 0.050000
-225.000000 -225.000000 -150.000000 1.915743 0.050000
-150.000000 -225.000000 -150.000000 1.474445 0.050000
-75.000000 -225.000000 -150.000000 0.860690 0.050000
0.000000 -225.000000 -150.000000 -0.090029 0.050000
75.000000 -225.000000 -150.000000 -0.760750 0.050000
150.000000 -225.000000 -150.000000 -1.496525 0.050000
225.000000 -225.000000 -150.000000 -1.965711 0.050000
300.000000 -225.000000 -150.000000 -2.041830 0.050000
375.000000 -225.000000 -150.000000 -1.964904 0.050000
450.000000 -225.000000 -150.000000 -1.772427 0.050000
525.000000 -225.000000 -150.000000 -1.438174 0.050000
600.000000 -225.000000 -150.000000 -1.250446 0.050000
-600.000000 -150.000000 -150.000000 1.272697 0.050000
-525.000000 -150.000000 -150.000000 1.632321 0.050000
-450.000000 -150.000000 -150.000000 1.956662 0.050000
-375.000000 -150.000000 -150.000000 2.205686 0.050000
-300.000000 -150.000000 -150.000000 2.442896 0.050000
-225.000000 -150.000000 -150.000000 2.294344 0.050000
-150.000000 -150.000000 -150.000000 1.850975 0.050000
-75.000000 -150.000000 -150.000000 1.037858 0.050000
0.000000 -150.000000 -150.000000 -0.001206 0.050000
75.000000 -150.000000 -150.000000 -1.028035 0.050000
150.000000 -150.000000 -150.000000 -1.848337 0.050000
225.000000 -150.000000 -150.000000 -2.292520 0.050000
300.000000 -150.000000 -150.000000 -2.381152 0.050000
375.000000 -150.000000 -150.000000 -2.193740 0.050000
450.000000 -150.000000 -150.000000 -1.920449 0.050000
525.000000 -150.000000 -150.000000 -1.720996 0.050000
600.000000 -150.000000 -150.000000 -1.409227 0.050000
-600.000000 -75.000000 -150.000000 1.452989 0.050000
-525.000000 -75.000000 -150.000000 1.730806 0.050000
-450.000000 -75.000000 -150.000000 2.168367 0.050000
-375.000000 -75.000000 -150.000000 2.497059 0.050000
-300.000000 -75.000000 -150.000000 2.643098 0.050000
-225.000000 -75.000000 -150.000000 2.632348 0.050000
-150.000000 -75.000000 -150.000000 2.135249 0.050000
-75.000000 -75.000000 -150.000000 1.223345 0.050000
0.000000 -75.000000 -150.000000 -0.091874 0.050000
75.000000 -75.000000 -150.000000 -1.162660 0.050000
150.000000 -75.000000 -150.000000 -2.133576 0.050000
225.000000 -75.000000 -150.000000 -2.631389 0.050000
300.000000 -75.000000 -150.000000 -2.576043 0.050000
375.000000 -75.000000 -150.000000 -2.415397 0.050000
450.000000 -75.000000 -150.000000 -2.203193 0.050000
525.000000 -75.000000 -150.000000 -1.842322 0.050000
600.000000 -75.000000 -150.000000 -1.501778 0.050000
-600.000000 0.000000 -150.000000 1.365349 0.050000
-525.000000 0.000000 -150.000000 1.763154 0.050000
-450.000000 0.000000 -150.000000 2.211081 0.050000
-375.000000 0.000000 -150.000000 2.457755 0.050000
-300.000000 0.000000 -150.000000 2.706390 0.050000
-225.000000 0.000000 -150.000000 2.685745 0.050000
-150.000000 0.000000 -150.000000 2.128464 0.050000
-75.000000 0.000000 -150.000000 1.225482 0.050000
0.000000 0.000000 -150.000000 -0.008810 0.050000
75.000000 0.000000 -150.000000 -1.235506 0.050000
150.000000 0.000000 -150.000000 -2.232964 0.050000
225.000000 0.000000 -150.000000 -2.597029 0.050000
300.000000 0.000000 -150.000000 -2.734791 0.050000
375.000000 0.000000 -150.000000 -2.551394 0.050000
450.000000 0.000000 -150.000000 -2.174321 0.050000
525.000000 0.000000 -150.000000 -1.853690 0.050000
600.000000 0.000000 -150.000000 -1.581746 0.050000
-600.000000 75.000000 -150.000000 1.522500 0.050000
-525.000000 75.000000 -150.000000 1.700263 0.050000
-450.000000 75.000000 -150.000000 2.101345 0.050000
-375.000000 75.000000 -150.000000 2.482529 0.050000
-300.000000 75.000000 -150.000000 2.599165 0.050000
-225.000000 75.000000 -150.000000 2.603032 0.050000
-150.000000 75.000000 -150.000000 2.136484 0.050000
-75.000000 75.000000 -150.000000 1.192295 0.050000
0.000000 75.000000 -150.000000 0.036688 0.050000
75.000000 75.000000 -150.000000 -1.050559 0.050000
150.000000 75.000000 -150.000000 -2.088108 0.050000
225.000000 75.000000 -150.000000 -2.552325 0.050000
300.000000 75.000000 -150.000000 -2.692809 0.050000
375.000000 75.000000 -150.000000 -2.440897 0.050000
450.000000 75.000000 -150.000000 -2.157968 0.050000
525.000000 75.000000 -150.000000 -1.795478 0.050000
600.000000 75.000000 -150.000000 -1.396942 0.050000
-600.000000 150.000000 -150.000000 1.298715 0.050000
-525.000000 150.000000 -150.000000 1.694501 0.050000
-450.000000 150.000000 -150.000000 1.974996 0.050000
-375.000000 150.000000 -150.000000 2.282702 0.050000
-300.000000 150.000000 -150.000000 2.311369 0.050000
-225.000000 150.000000 -150.000000 2.303388 0.050000
-150.000000 150.000000 -150.000000 1.875947 0.050000
-75.000000 150.000000 -150.000000 1.048363 0.050000
0.000000 150.000000 -150.000000 0.002843 0.050000
75.000000 150.000000 -150.000000 -1.126785 0.050000
150.000000 150.000000 -150.000000 -1.842593 0.050000
225.000000 150.000000 -150.000000 -2.313639 0.050000
300.000000 150.000000 -150.000000 -2.423421 0.050000
375.000000 150.000000 -150.000000 -2.257169 0.050000
450.000000 150.000000 -150.000000 -1.948655 0.050000
525.000000 150.000000 -150.000000 -1.629365 0.050000
600.000000 150.000000 -150.000000 -1.339482 0.050000
-600.000000 225.000000 -150.000000 1.290590 0.050000
-525.000000 225.000000 -150.000000 1.382556 0.050000
-450.000000 225.000000 -150.000000 1.655721 0.050000
-375.000000 225.000000 -150.000000 1.993893 0.050000
-300.000000 225.000000 -150.000000 2.074435 0.050000
-225.000000 225.000000 -150.000000 1.937259 0.050000
-150.000000 225.000000 -150.000000 1.528302 0.050000
-75.000000 225.000000 -150.000000 0.789988 0.050000
0.000000 225.000000 -150.000000 -0.051367 0.050000
75.000000 225.000000 -150.000000 -0.842648 0.050000
150.000000 225.000000 -150.000000 -1.549176 0.050000
225.000000 225.000000 -150.000000 -1.952632 0.050000
300.000000 225.000000 -150.000000 -1.953244 0.050000
375.000000 225.000000 -150.000000 -1.987148 0.050000
450.000000 225.000000 -150.000000 -1.702896 0.050000
525.000000 225.000000 -150.000000 -1.390666 0.050000
600.000000 225.000000 -150.000000 -1.245305 0.050000
-600.000000 300.000000 -150.000000 1.052416 0.050000
-525.000000 300.000000 -150.000000 1.315262 0.050000
-450.000000 300.000000 -150.000000 1.480496 0.050000
-375.000000 300.000000 -150.000000 1.627322 0.050000
-300.000000 300.000000 -150.000000 1.572080 0.050000
-225.000000 300.000000 -150.000000 1.528081 0.050000
-150.000000 300.000000 -150.000000 1.187719 0.050000
-75.000000 300.000000 -150.000000 0.688573 0.050000
0.000000 300.000000 -150.000000 -0.041877 0.050000
75.000000 300.000000 -150.000000 -0.656859 0.050000
150.000000 300.000000 -150.000000 -1.140346 0.050000
225.000000 300.000000 -150.000000 -1.575124 0.050000
300.000000 300.000000 -150.000000 -1.656284 0.050000
375.000000 300.000000 -150.000000 -1.594032 0.050000
450.000000 300.000000 -150.000000 -1.479505 0.050000
525.000000 300.000000 -150.000000 -1.296230 0.050000
600.000000 300.000000 -150.000000 -1.102403 0.050000
-600.000000 375.000000 -150.000000 0.953422 0.050000
-525.000000 375.000000 -150.000000 1.017730 0.050000
-450.000000 375.000000 -150.000000 1.221473 0.050000
-375.000000 375.000000 -150.000000 1.243630 0.050000
-300.000000 375.000000 -150.000000 1.336865 0.050000
-225.000000 375.000000 -150.000000 1.231020 0.050000
-150.000000 375.000000 -150.000000 0.877482 0.050000
-75.000000 375.000000 -150.000000 0.530338 0.050000
0.000000 375.000000 -150.000000 0.071708 0.050000
75.000000 375.000000 -150.000000 -0.532294 0.050000
150.000000 375.000000 -150.000000 -0.860449 0.050000
225.000000 375.000000 -150.000000 -1.146647 0.050000
300.000000 375.000000 -150.000000 -1.244699 0.050000
375.000000 375.000000 -150.000000 -1.324368 0.050000
450.000000 375.000000 -150.000000 -1.269730 0.050000
525.000000 375.000000 -150.000000 -1.091108 0.050000
600.000000 375.000000 -150.000000 -0.892455 0.050000
-600.000000 450.000000 -150.000000 0.731524 0.050000
-525.000000 450.000000 -150.000000 0.767785 0.050000
-450.000000 450.000000 -150.000000 0.906003 0.050000
-375.000000 450.000000 -150.000000 0.944933 0.050000
-300.000000 450.000000 -150.000000 0.945748 0.050000
-225.000000 450.000000 -150.000000 0.825562 0.050000
-150.000000 450.000000 -150.000000 0.606871 0.050000
-75.000000 450.000000 -150.000000 0.346612 0.050000
0.000000 450.000000 -150.000000 -0.048265 0.050000
75.000000 450.000000 -150.000000 -0.315913 0.050000
150.000000 450.000000 -150.000000 -0.649565 0.050000
225.000000 450.000000 -150.000000 -0.842898 0.050000
300.000000 450.000000 -150.000000 -0.964555 0.050000
375.000000 450.000000 -150.000000 -0.931741 0.050000
450.000000 450.000000 -150.000000 -0.927457 0.050000
525.000000 450.000000 -150.000000 -0.833500 0.050000
600.000000 450.000000 -150.000000 -0.750672 0.050000
-600.000000 525.000000 -150.000000 0.583280 0.050000
-525.000000 525.000000 -150.000000 0.770404 0.050000
-450.000000 525.000000 -150.000000 0.791158 0.050000
-375.000000 525.000000 -150.000000 0.653072 0.050000
-300.000000 525.000000 -150.000000 0.648510 0.050000
-225.000000 525.000000 -150.000000 0.732070 0.050000
-150.000000 525.000000 -150.000000 0.416595 0.050000
-75.000000 525.000000 -150.000000 0.172306 0.050000
0.000000 525.000000 -150.000000 -0.057916 0.050000
75.000000 525.000000 -150.000000 -0.278289 0.050000
150.000000 525.000000 -150.000000 -0.535445 0.050000
225.000000 525.000000 -150.000000 -0.567792 0.050000
300.000000 525.000000 -150.000000 -0.792693 0.050000
375.000000 525.000000 -150.000000 -0.760293 0.050000
450.000000 525.000000 -150.000000 -0.706606 0.050000
525.000000 525.000000 -150.000000 -0.678872 0.050000
600.000000 525.000000 -150.000000 -0.678721 0.050000
-600.000000 600.000000 -150.000000 0.523559 0.050000
-525.000000 600.000000 -150.000000 0.524330 0.050000
-450.000000 600.000000 -150.000000 0.565178 0.050000
-375.000000 600.000000 -150.000000 0.513948 0.050000
-300.000000 600.000000 -150.000000 0.477294 0.050000
-225.000000 600.000000 -150.000000 0.494176 0.050000
-150.000000 600.000000 -150.000000 0.302366 0.050000
-75.000000 600.000000 -150.000000 0.213940 0.050000
0.000000 600.000000 -150.000000 -0.024287 0.050000
75.000000 600.000000 -150.000000 -0.092379 0.050000
150.000000 600.000000 -150.000000 -0.360199 0.050000
225.000000 600.000000 -150.000000 -0.513747 0.050000
300.000000 600.000000 -150.000000 -0.654497 0.050000
375.000000 600.000000 -150.000000 -0.582975 0.050000
450.000000 600.000000 -150.000000 -0.551639 0.050000
525.000000 600.000000 -150.000000 -0.484410 0.050000
600.000000 600.000000 -150.000000 -0.524695 0.050000
