-600.000000 -600.000000 -150.000000 0.003530 0.050000
-525.000000 -600.000000 -150.000000 0.058748 0.050000
-450.000000 -600.000000 -150.000000 0.267470 0.050000
-375.000000 -600.000000 -150.000000 0.152096 0.050000
-300.000000 -600.000000 -150.000000 0.321314 0.050000
-225.000000 -600.000000 -150.000000 0.419827 0.050000
-150.000000 -600.000000 -150.000000 0.522513 0.050000
-75.000000 -600.000000 -150.000000 0.682368 0.050000
0.000000 -600.000000 -150.000000 0.514386 0.050000
75.000000 -600.000000 -150.000000 0.558943 0.050000
150.000000 -600.000000 -150.000000 0.600778 0.050000
225.000000 -600.000000 -150.000000 0.545397 0.050000
300.000000 -600.000000 -150.000000 0.249423 0.050000
375.000000 -600.000000 -150.000000 0.320204 0.050000
450.000000 -600.000000 -150.000000 0.159299 0.050000
525.000000 -600.000000 -150.000000 0.157846 0.050000
600.000000 -600.000000 -150.000000 -0.045091 0.050000
-600.000000 -525.000000 -150.000000 -0.111704 0.050000
-525.000000 -525.000000 -150.000000 0.044292 0.050000
-450.000000 -525.000000 -150.000000 -0.034822 0.050000
-375.000000 -525.000000 -150.000000 0.139797 0.050000
-300.000000 -525.000000 -150.000000 0.246918 0.050000
-225.000000 -525.000000 -150.000000 0.334544 0.050000
-150.000000 -525.000000 -150.000000 0.441023 0.050000
-75.000000 -525.000000 -150.000000 0.476805 0.050000
0.000000 -525.000000 -150.000000 0.464611 0.050000
75.000000 -525.000000 -150.000000 0.493813 0.050000
150.000000 -525.000000 -150.000000 0.409531 0.050000
225.000000 -525.000000 -150.000000 0.344773 0.050000
300.000000 -525.000000 -150.000000 0.212805 0.050000
375.000000 -525.000000 -150.000000 0.034253 0.050000
450.000000 -525.000000 -150.000000 0.081582 0.050000
525.000000 -525.000000 -150.000000 0.006447 0.050000
600.000000 -525.000000 -150.000000 -0.081969 0.050000
-600.000000 -450.000000 -150.000000 -0.143814 0.050000
-525.000000 -450.000000 -150.000000 -0.201019 0.050000
-450.000000 -450.000000 -150.000000 -0.104821 0.050000
-375.000000 -450.000000 -150.000000 -0.060161 0.050000
-300.000000 -450.000000 -150.000000 -0.089514 0.050000
-225.000000 -450.000000 -150.000000 0.207650 0.050000
-150.000000 -450.000000 -150.000000 0.201297 0.050000
-75.000000 -450.000000 -150.000000 0.364030 0.050000
0.000000 -450.000000 -150.000000 0.293108 0.050000
75.000000 -450.000000 -150.000000 0.241797 0.050000
150.000000 -450.000000 -150.000000 0.377767 0.050000
225.000000 -450.000000 -150.000000 0.075676 0.050000
300.000000 -450.000000 -150.000000 -0.004170 0.050000
375.000000 -450.000000 -150.000000 0.029742 0.050000
450.000000 -450.000000 -150.000000 -0.135994 0.050000
525.000000 -450.000000 -150.000000 -0.149987 0.050000
600.000000 -450.000000 -150.000000 -0.221117 0.050000
-600.000000 -375.000000 -150.000000 -0.388119 0.050000
-525.000000 -375.000000 -150.000000 -0.368734 0.050000
-450.000000 -375.000000 -150.000000 -0.296153 0.050000
-375.000000 -375.000000 -150.000000 -0.320519 0.050000
-300.000000 -375.000000 -150.000000 -0.241848 0.050000
-225.000000 -375.000000 -150.000000 -0.235198 0.050000
-150.000000 -375.000000 -150.000000 -0.111500 0.050000
-75.000000 -375.000000 -150.000000 -0.156755 0.050000
0.000000 -375.000000 -150.000000 -0.121505 0.050000
75.000000 -375.000000 -150.000000 -0.174508 0.050000
150.000000 -375.000000 -150.000000 -0.139423 0.050000
225.000000 -375.000000 -150.000000 -0.351837 0.050000
300.000000 -375.000000 -150.000000 -0.223195 0.050000
375.000000 -375.000000 -150.000000 -0.434666 0.050000
450.000000 -375.000000 -150.000000 -0.314563 0.050000
525.000000 -375.000000 -150.000000 -0.432150 0.050000
600.000000 -375.000000 -150.000000 -0.324521 0.050000
-600.000000 -300.000000 -150.000000 -0.553552 0.050000
-525.000000 -300.000000 -150.000000 -0.567055 0.050000
-450.000000 -300.000000 -150.000000 -0.677678 0.050000
-375.000000 -300.000000 -150.000000 -0.728359 0.050000
-300.000000 -300.000000 -150.000000 -0.703684 0.050000
-225.000000 -300.000000 -150.000000 -0.749084 0.050000
-150.000000 -300.000000 -150.000000 -0.690120 0.050000
-75.000000 -300.000000 -150.000000 -0.685349 0.050000
0.000000 -300.000000 -150.000000 -0.681405 0.050000
75.000000 -300.000000 -150.000000 -0.700193 0.050000
150.000000 -300.000000 -150.000000 -0.767308 0.050000
225.000000 -300.000000 -150.000000 -0.714994 0.050000
300.000000 -300.000000 -150.000000 -0.723807 0.050000
375.000000 -300.000000 -150.000000 -0.675646 0.050000
450.000000 -300.000000 -150.000000 -0.612816 0.050000
525.000000 -300.000000 -150.000000 -0.478896 0.050000
600.000000 -300.000000 -150.000000 -0.459295 0.050000
-600.000000 -225.000000 -150.000000 -0.764640 0.050000
-525.000000 -225.000000 -150.000000 -0.854021 0.050000
-450.000000 -225.000000 -150.000000 -0.897605 0.050000
-375.000000 -225.000000 -150.000000 -1.031658 0.050000
-300.000000 -225.000000 -150.000000 -1.256875 0.050000
-225.000000 -225.000000 -150.000000 -1.271902 0.050000
-150.000000 -225.000000 -150.000000 -1.472350 0.050000
-75.000000 -225.000000 -150.000000 -1.468416 0.050000
0.000000 -225.000000 -150.000000 -1.423132 0.050000
75.000000 -225.000000 -150.000000 -1.410614 0.050000
150.000000 -225.000000 -150.000000 -1.330462 0.050000
225.000000 -225.000000 -150.000000 -1.302887 0.050000
300.000000 -225.000000 -150.000000 -1.279228 0.050000
375.000000 -225.000000 -150.000000 -1.044107 0.050000
450.000000 -225.000000 -150.000000 -1.081445 0.050000
525.000000 -225.000000 -150.000000 -0.733857 0.050000
600.000000 -225.000000 -150.000000 -0.702065 0.050000
-600.000000 -150.000000 -150.000000 -0.874971 0.050000
-525.000000 -150.000000 -150.000000 -1.058409 0.050000
-450.000000 -150.000000 -150.000000 -1.236182 0.050000
-375.000000 -150.000000 -150.000000 -1.383169 0.050000
-300.000000 -150.000000 -150.000000 -1.722843 0.050000
-225.000000 -150.000000 -150.000000 -1.856728 0.050000
-150.000000 -150.000000 -150.000000 -2.019549 0.050000
-75.000000 -150.000000 -150.000000 -2.202116 0.050000
0.000000 -150.000000 -150.000000 -2.227612 0.050000
75.000000 -150.000000 -150.000000 -2.255232 0.050000
150.000000 -150.000000 -150.000000 -2.114184 0.050000
225.000000 -150.000000 -150.000000 -1.904286 0.050000
300.000000 -150.000000 -150.000000 -1.654625 0.050000
375.000000 -150.000000 -150.000000 -1.433262 0.050000
450.000000 -150.000000 -150.000000 -1.236515 0.050000
525.000000 -150.000000 -150.000000 -1.044960 0.050000
600.000000 -150.000000 -150.000000 -0.830568 0.050000
-600.000000 -75.000000 -150.000000 -0.890034 0.050000
-525.000000 -75.000000 -150.000000 -1.082491 0.050000
-450.000000 -75.000000 -150.000000 -1.365649 0.050000
-375.000000 -75.000000 -150.000000 -1.743374 0.050000
-300.000000 -75.000000 -150.000000 -2.092331 0.050000
-225.000000 -75.000000 -150.000000 -2.357404 0.050000
-150.000000 -75.000000 -150.000000 -2.603169 0.050000
-75.000000 -75.000000 -150.000000 -2.833379 0.050000
0.000000 -75.000000 -150.000000 -2.951777 0.050000
75.000000 -75.000000 -150.000000 -2.862550 0.050000
150.000000 -75.000000 -150.000000 -2.707246 0.050000
225.000000 -75.000000 -150.000000 -2.370754 0.050000
300.000000 -75.000000 -150.000000 -2.040191 0.050000
375.000000 -75.000000 -150.000000 -1.692763 0.050000
450.000000 -75.000000 -150.000000 -1.398580 0.050000
525.000000 -75.000000 -150.000000 -1.180486 0.050000
600.000000 -75.000000 -150.000000 -0.854273 0.050000
-600.000000 0.000000 -150.000000 -0.953937 0.050000
-525.000000 0.000000 -150.000000 -1.240998 0.050000
-450.000000 0.000000 -150.000000 -1.471478 0.050000
-375.000000 0.000000 -150.000000 -1.907352 0.050000
-300.000000 0.000000 -150.000000 -2.190106 0.050000
-225.000000 0.000000 -150.000000 -2.583773 0.050000
-150.000000 0.000000 -150.000000 -2.875379 0.050000
-75.000000 0.000000 -150.000000 -3.144306 0.050000
0.000000 0.000000 -150.000000 -3.199621 0.050000
75.000000 0.000000 -150.000000 -3.069491 0.050000
150.000000 0.000000 -150.000000 -2.833492 0.050000
225.000000 0.000000 -150.000000 -2.488803 0.050000
300.000000 0.000000 -150.000000 -2.117638 0.050000
375.000000 0.000000 -150.000000 -1.883540 0.050000
450.000000 0.000000 -150.000000 -1.446454 0.050000
525.000000 0.000000 -150.000000 -1.162633 0.050000
600.000000 0.000000 -150.000000 -1.041151 0.050000
-600.000000 75.000000 -150.000000 -0.814925 0.050000
-525.000000 75.000000 -150.000000 -1.163333 0.050000
-450.000000 75.000000 -150.000000 -1.353265 0.050000
-375.000000 75.000000 -150.000000 -1.670135 0.050000
-300.000000 75.000000 -150.000000 -2.022179 0.050000
-225.000000 75.000000 -150.000000 -2.345459 0.050000
-150.000000 75.000000 -150.000000 -2.617587 0.050000
-75.000000 75.000000 -150.000000 -2.884349 0.050000
0.000000 75.000000 -150.000000 -2.887704 0.050000
75.000000 75.000000 -150.000000 -2.783080 0.050000
150.000000 75.000000 -150.000000 -2.580519 0.050000
225.000000 75.000000 -150.000000 -2.378339 0.050000
300.000000 75.000000 -150.000000 -1.994230 0.050000
375.000000 75.000000 -150.000000 -1.820025 0.050000
450.000000 75.000000 -150.000000 -1.475252 0.050000
525.000000 75.000000 -150.000000 -1.151914 0.050000
600.000000 75.000000 -150.000000 -0.928649 0.050000
-600.000000 150.000000 -150.000000 -0.891647 0.050000
-525.000000 150.000000 -150.000000 -1.089125 0.050000
-450.000000 150.000000 -150.000000 -1.153298 0.050000
-375.000000 150.000000 -150.000000 -1.392596 0.050000
-300.000000 150.000000 -150.000000 -1.667026 0.050000
-225.000000 150.000000 -150.000000 -1.943205 0.050000
-150.000000 150.000000 -150.000000 -2.123918 0.050000
-75.000000 150.000000 -150.000000 -2.284003 0.050000
0.000000 150.000000 -150.000000 -2.273250 0.050000
75.000000 150.000000 -150.000000 -2.259050 0.050000
150.000000 150.000000 -150.000000 -2.174293 0.050000
225.000000 150.000000 -150.000000 -1.866950 0.050000
300.000000 150.000000 -150.000000 -1.734056 0.050000
375.000000 150.000000 -150.000000 -1.470249 0.050000
450.000000 150.000000 -150.000000 -1.160210 0.050000
525.000000 150.000000 -150.000000 -1.038309 0.050000
600.000000 150.000000 -150.000000 -0.782252 0.050000
-600.000000 225.000000 -150.000000 -0.688488 0.050000
-525.000000 225.000000 -150.000000 -0.737672 0.050000
-450.000000 225.000000 -150.000000 -0.955175 0.050000
-375.000000 225.000000 -150.000000 -0.992200 0.050000
-300.000000 225.000000 -150.000000 -1.153713 0.050000
-225.000000 225.000000 -150.000000 -1.312444 0.050000
-150.000000 225.000000 -150.000000 -1.289287 0.050000
-75.000000 225.000000 -150.000000 -1.506988 0.050000
0.000000 225.000000 -150.000000 -1.564477 0.050000
75.000000 225.000000 -150.000000 -1.419084 0.050000
150.000000 225.000000 -150.000000 -1.352001 0.050000
225.000000 225.000000 -150.000000 -1.378344 0.050000
300.000000 225.000000 -150.000000 -1.129148 0.050000
375.000000 225.000000 -150.000000 -1.092461 0.050000
450.000000 225.000000 -150.000000 -0.944278 0.050000
525.000000 225.000000 -150.000000 -0.796378 0.050000
600.000000 225.000000 -150.000000 -0.767792 0.050000
-600.000000 300.000000 -150.000000 -0.519366 0.050000
-525.000000 300.000000 -150.000000 -0.539987 0.050000
-450.000000 300.000000 -150.000000 -0.630541 0.050000
-375.000000 300.000000 -150.000000 -0.605246 0.050000
-300.000000 300.000000 -150.000000 -0.742286 0.050000
-225.000000 300.000000 -150.000000 -0.770807 0.050000
-150.000000 300.000000 -150.000000 -0.722712 0.050000
-75.000000 300.000000 -150.000000 -0.741904 0.050000
0.000000 300.000000 -150.000000 -0.673879 0.050000
75.000000 300.000000 -150.000000 -0.656007 0.050000
150.000000 300.000000 -150.000000 -0.692786 0.050000
225.000000 300.000000 -150.000000 -0.733617 0.050000
300.000000 300.000000 -150.000000 -0.731056 0.050000
375.000000 300.000000 -150.000000 -0.678205 0.050000
450.000000 300.000000 -150.000000 -0.699595 0.050000
525.000000 300.000000 -150.000000 -0.722155 0.050000
600.000000 300.000000 -150.000000 -0.593860 0.050000
-600.000000 375.000000 -150.000000 -0.306016 0.050000
-525.000000 375.000000 -150.000000 -0.363558 0.050000
-450.000000 375.000000 -150.000000 -0.320154 0.050000
-375.000000 375.000000 -150.000000 -0.325784 0.050000
-300.000000 375.000000 -150.000000 -0.256832 0.050000
-225.000000 375.000000 -150.000000 -0.221037 0.050000
-150.000000 375.000000 -150.000000 -0.106523 0.050000
-75.000000 375.000000 -150.000000 -0.127811 0.050000
0.000000 375.000000 -150.000000 -0.247235 0.050000
75.000000 375.000000 -150.000000 -0.196623 0.050000
150.000000 375.000000 -150.000000 -0.135600 0.050000
225.000000 375.000000 -150.000000 -0.141797 0.050000
300.000000 375.000000 -150.000000 -0.251855 0.050000
375.000000 375.000000 -150.000000 -0.336414 0.050000
450.000000 375.000000 -150.000000 -0.316957 0.050000
525.000000 375.000000 -150.000000 -0.322882 0.050000
600.000000 375.000000 -150.000000 -0.314640 0.050000
-600.000000 450.000000 -150.000000 -0.285457 0.050000
-525.000000 450.000000 -150.000000 -0.176377 0.050000
-450.000000 450.000000 -150.000000 -0.132772 0.050000
-375.000000 450.000000 -150.000000 -0.054985 0.050000
-300.000000 450.000000 -150.000000 0.087874 0.050000
-225.000000 450.000000 -150.000000 0.130086 0.050000
-150.000000 450.000000 -150.000000 0.257184 0.050000
-75.000000 450.000000 -150.000000 0.383209 0.050000
0.000000 450.000000 -150.000000 0.247432 0.050000
75.000000 450.000000 -150.000000 0.256010 0.050000
150.000000 450.000000 -150.000000 0.122473 0.050000
225.000000 450.000000 -150.000000 0.097728 0.050000
300.000000 450.000000 -150.000000 0.019113 0.050000
375.000000 450.000000 -150.000000 -0.045274 0.050000
450.000000 450.000000 -150.000000 -0.158682 0.050000
525.000000 450.000000 -150.000000 -0.221530 0.050000
600.000000 450.000000 -150.000000 -0.256704 0.050000
-600.000000 525.000000 -150.000000 -0.056927 0.050000
-525.000000 525.000000 -150.000000 -0.030795 0.050000
-450.000000 525.000000 -150.000000 0.021736 0.050000
-375.000000 525.000000 -150.000000 0.134312 0.050000
-300.000000 525.000000 -150.000000 0.234215 0.050000
-225.000000 525.000000 -150.000000 0.383465 0.050000
-150.000000 525.000000 -150.000000 0.412536 0.050000
-75.000000 525.000000 -150.000000 0.391125 0.050000
0.000000 525.000000 -150.000000 0.502924 0.050000
75.000000 525.000000 -150.000000 0.417470 0.050000
150.000000 525.000000 -150.000000 0.386535 0.050000
225.000000 525.000000 -150.000000 0.332986 0.050000
300.000000 525.000000 -150.000000 0.300797 0.050000
375.000000 525.000000 -150.000000 0.092772 0.050000
450.000000 525.000000 -150.000000 -0.014410 0.050000
525.000000 525.000000 -150.000000 -0.011201 0.050000
600.000000 525.000000 -150.000000 0.019670 0.050000
-600.000000 600.000000 -150.000000 0.043080 0.050000
-525.000000 600.000000 -150.000000 0.069915 0.050000
-450.000000 600.000000 -150.000000 0.142349 0.050000
-375.000000 600.000000 -150.000000 0.260776 0.050000
-300.000000 600.000000 -150.000000 0.363019 0.050000
-225.000000 600.000000 -150.000000 0.444261 0.050000
-150.000000 600.000000 -150.000000 0.494632 0.050000
-75.000000 600.000000 -150.000000 0.606267 0.050000
0.000000 600.000000 -150.000000 0.601715 0.050000
75.000000 600.000000 -150.000000 0.598780 0.050000
150.000000 600.000000 -150.000000 0.501897 0.050000
225.000000 600.000000 -150.000000 0.499851 0.050000
300.000000 600.000000 -150.000000 0.337917 0.050000
375.000000 600.000000 -150.000000 0.368150 0.050000
450.000000 600.000000 -150.000000 0.101425 0.050000
525.000000 600.000000 -150.000000 0.094488 0.050000
600.000000 600.000000 -150.000000 0.065691 0.050000
