-600.000000 -600.000000 -150.000000 0.418503 0.050000
-525.000000 -600.000000 -150.000000 0.578771 0.050000
-450.000000 -600.000000 -150.000000 0.750352 0.050000
-375.000000 -600.000000 -150.000000 0.975324 0.050000
-300.000000 -600.000000 -150.000000 1.083414 0.050000
-225.000000 -600.000000 -150.000000 1.211518 0.050000
-150.000000 -600.000000 -150.000000 1.338359 0.050000
-75.000000 -600.000000 -150.000000 1.394148 0.050000
0.000000 -600.000000 -150.000000 1.510341 0.050000
75.000000 -600.000000 -150.000000 1.507333 0.050000
150.000000 -600.000000 -150.000000 1.382663 0.050000
225.000000 -600.000000 -150.000000 1.188963 0.050000
300.000000 -600.000000 -150.000000 1.147100 0.050000
375.000000 -600.000000 -150.000000 0.874961 0.050000
450.000000 -600.000000 -150.000000 0.744044 0.050000
525.000000 -600.000000 -150.000000 0.573077 0.050000
600.000000 -600.000000 -150.000000 0.578720 0.050000
-600.000000 -525.000000 -150.000000 0.525336 0.050000
-525.000000 -525.000000 -150.000000 0.678289 0.050000
-450.000000 -525.000000 -150.000000 0.837675 0.050000
-375.000000 -525.000000 -150.000000 1.061015 0.050000
-300.000000 -525.000000 -150.000000 1.232400 0.050000
-225.000000 -525.000000 -150.000000 1.560635 0.050000
-150.000000 -525.000000 -150.000000 1.751971 0.050000
-75.000000 -525.000000 -150.000000 1.706436 0.050000
0.000000 -525.000000 -150.000000 1.881689 0.050000
75.000000 -525.000000 -150.000000 1.688600 0.050000
150.000000 -525.000000 -150.000000 1.654000 0.050000
225.000000 -525.000000 -150.000000 1.523573 0.050000
300.000000 -525.000000 -150.000000 1.164315 0.050000
375.000000 -525.000000 -150.000000 1.096557 0.050000
450.000000 -525.000000 -150.000000 0.815983 0.050000
525.000000 -525.000000 -150.000000 0.591182 0.050000
600.000000 -525.000000 -150.000000 0.622062 0.050000
-600.000000 -450.000000 -150.000000 0.572948 0.050000
-525.000000 -450.000000 -150.000000 0.745958 0.050000
-450.000000 -450.000000 -150.000000 0.939385 0.050000
-375.000000 -450.000000 -150.000000 1.186978 0.050000
-300.000000 -450.000000 -150.000000 1.515187 0.050000
-225.000000 -450.000000 -150.000000 1.758389 0.050000
-150.000000 -450.000000 -150.000000 1.963036 0.050000
-75.000000 -450.000000 -150.000000 2.118443 0.050000
0.000000 -450.000000 -150.000000 2.167950 0.050000
75.000000 -450.000000 -150.000000 2.084191 0.050000
150.000000 -450.000000 -150.000000 1.983888 0.050000
225.000000 -450.000000 -150.000000 1.813429 0.050000
300.000000 -450.000000 -150.000000 1.428401 0.050000
375.000000 -450.000000 -150.000000 1.160408 0.050000
450.000000 -450.000000 -150.000000 1.016493 0.050000
525.000000 -450.000000 -150.000000 0.655194 0.050000
600.000000 -450.000000 -150.000000 0.513568 0.050000
-600.000000 -375.000000 -150.000000 0.557222 0.050000
-525.000000 -375.000000 -150.000000 0.800068 0.050000
-450.000000 -375.000000 -150.000000 0.964795 0.050000
-375.000000 -375.000000 -150.000000 1.192828 0.050000
-300.000000 -375.000000 -150.000000 1.668448 0.050000
-225.000000 -375.000000 -150.000000 1.881498 0.050000
-150.000000 -375.000000 -150.000000 2.227488 0.050000
-75.000000 -375.000000 -150.000000 2.456898 0.050000
0.000000 -375.000000 -150.000000 2.500322 0.050000
75.000000 -375.000000 -150.000000 2.492499 0.050000
150.000000 -375.000000 -150.000000 2.241553 0.050000
225.000000 -375.000000 -150.000000 2.049995 0.050000
300.000000 -375.000000 -150.000000 1.617605 0.050000
375.000000 -375.000000 -150.000000 1.287665 0.050000
450.000000 -375.000000 -150.000000 0.972839 0.050000
525.000000 -375.000000 -150.000000 0.752461 0.050000
600.000000 -375.000000 -150.000000 0.527954 0.050000
-600.000000 -300.000000 -150.000000 0.572197 0.050000
-525.000000 -300.000000 -150.000000 0.766333 0.050000
-450.000000 -300.000000 -150.000000 0.945658 0.050000
-375.000000 -300.000000 -150.000000 1.288756 0.050000
-300.000000 -300.000000 -150.000000 1.627027 0.050000
-225.000000 -300.000000 -150.000000 1.969922 0.050000
-150.000000 -300.000000 -150.000000 2.344166 0.050000
-75.000000 -300.000000 -150.000000 2.612251 0.050000
0.000000 -300.000000 -150.000000 2.662213 0.050000
75.000000 -300.000000 -150.000000 2.605289 0.050000
150.000000 -300.000000 -150.000000 2.362548 0.050000
225.000000 -300.000000 -150.000000 1.946773 0.050000
300.000000 -300.000000 -150.000000 1.702752 0.050000
375.000000 -300.000000 -150.000000 1.293060 0.050000
450.000000 -300.000000 -150.000000 0.914863 0.050000
525.000000 -300.000000 -150.000000 0.736230 0.050000
600.000000 -300.000000 -150.000000 0.517539 0.050000
-600.000000 -225.000000 -150.000000 0.392659 0.050000
-525.000000 -225.000000 -150.000000 0.626382 0.050000
-450.000000 -225.000000 -150.000000 0.890107 0.050000
-375.000000 -225.000000 -150.000000 1.210352 0.050000
-300.000000 -225.000000 -150.000000 1.527241 0.050000
-225.000000 -225.000000 -150.000000 1.946864 0.050000
-150.000000 -225.000000 -150.000000 2.243800 0.050000
-75.000000 -225.000000 -150.000000 2.459192 0.050000
0.000000 -225.000000 -150.000000 2.663591 0.050000
75.000000 -225.000000 -150.000000 2.552246 0.050000
150.000000 -225.000000 -150.000000 2.307830 0.050000
225.000000 -225.000000 -150.000000 1.946957 0.050000
300.000000 -225.000000 -150.000000 1.601151 0.050000
375.000000 -225.000000 -150.000000 1.133380 0.050000
450.000000 -225.000000 -150.000000 0.906437 0.050000
525.000000 -225.000000 -150.000000 0.659725 0.050000
600.000000 -225.000000 -150.000000 0.404553 0.050000
-600.000000 -150.000000 -150.000000 0.324484 0.050000
-525.000000 -150.000000 -150.000000 0.456119 0.050000
-450.000000 -150.000000 -150.000000 0.668114 0.050000
-375.000000 -150.000000 -150.000000 0.933860 0.050000
-300.000000 -150.000000 -150.000000 1.166534 0.050000
-225.000000 -150.000000 -150.000000 1.499221 0.050000
-150.000000 -150.000000 -150.000000 1.879440 0.050000
-75.000000 -150.000000 -150.000000 1.999873 0.050000
0.000000 -150.000000 -150.000000 2.282491 0.050000
75.000000 -150.000000 -150.000000 2.184286 0.050000
150.000000 -150.000000 -150.000000 1.836029 0.050000
225.000000 -150.000000 -150.000000 1.476168 0.050000
300.000000 -150.000000 -150.000000 1.135176 0.050000
375.000000 -150.000000 -150.000000 0.912693 0.050000
450.000000 -150.000000 -150.000000 0.660750 0.050000
525.000000 -150.000000 -150.000000 0.525323 0.050000
600.000000 -150.000000 -150.000000 0.388646 0.050000
-600.000000 -75.000000 -150.000000 0.137265 0.050000
-525.000000 -75.000000 -150.000000 0.253109 0.050000
-450.000000 -75.000000 -150.000000 0.331795 0.050000
-375.000000 -75.000000 -150.000000 0.542548 0.050000
-300.000000 -75.000000 -150.000000 0.639628 0.050000
-225.000000 -75.000000 -150.000000 0.801937 0.050000
-150.000000 -75.000000 -150.000000 1.113791 0.050000
-75.000000 -75.000000 -150.000000 1.177069 0.050000
0.000000 -75.000000 -150.000000 1.109197 0.050000
75.000000 -75.000000 -150.000000 1.227139 0.050000
150.000000 -75.000000 -150.000000 1.091712 0.050000
225.000000 -75.000000 -150.000000 0.923506 0.050000
300.000000 -75.000000 -150.000000 0.660753 0.050000
375.000000 -75.000000 -150.000000 0.541975 0.050000
450.000000 -75.000000 -150.000000 0.406940 0.050000
525.000000 -75.000000 -150.000000 0.307943 0.050000
600.000000 -75.000000 -150.000000 0.243549 0.050000
-600.000000 0.000000 -150.000000 -0.068338 0.050000
-525.000000 0.000000 -150.000000 -0.060670 0.050000
-450.000000 0.000000 -150.000000 0.005555 0.050000
-375.000000 0.000000 -150.000000 0.006518 0.050000
-300.000000 0.000000 -150.000000 0.013365 0.050000
-225.000000 0.000000 -150.000000 -0.021584 0.050000
-150.000000 0.000000 -150.000000 0.050703 0.050000
-75.000000 0.000000 -150.000000 -0.005767 0.050000
0.000000 0.000000 -150.000000 -0.025197 0.050000
75.000000 0.000000 -150.000000 0.072372 0.050000
150.000000 0.000000 -150.000000 0.023291 0.050000
225.000000 0.000000 -150.000000 0.050607 0.050000
300.000000 0.000000 -150.000000 0.070369 0.050000
375.000000 0.000000 -150.000000 0.010401 0.050000
450.000000 0.000000 -150.000000 -0.065936 0.050000
525.000000 0.000000 -150.000000 -0.058835 0.050000
600.000000 0.000000 -150.000000 -0.038401 0.050000
-600.000000 75.000000 -150.000000 -0.248905 0.050000
-525.000000 75.000000 -150.000000 -0.317905 0.050000
-450.000000 75.000000 -150.000000 -0.298600 0.050000
-375.000000 75.000000 -150.000000 -0.520526 0.050000
-300.000000 75.000000 -150.000000 -0.654554 0.050000
-225.000000 75.000000 -150.000000 -0.829394 0.050000
-150.000000 75.000000 -150.000000 -0.982984 0.050000
-75.000000 75.000000 -150.000000 -1.180810 0.050000
0.000000 75.000000 -150.000000 -1.248979 0.050000
75.000000 75.000000 -150.000000 -1.112952 0.050000
150.000000 75.000000 -150.000000 -1.023953 0.050000
225.000000 75.000000 -150.000000 -0.877730 0.050000
300.000000 75.000000 -150.000000 -0.633883 0.050000
375.000000 75.000000 -150.000000 -0.429097 0.050000
450.000000 75.000000 -150.000000 -0.384964 0.050000
525.000000 75.000000 -150.000000 -0.214585 0.050000
600.000000 75.000000 -150.000000 -0.168748 0.050000
-600.000000 150.000000 -150.000000 -0.296154 0.050000
-525.000000 150.000000 -150.000000 -0.589792 0.050000
-450.000000 150.000000 -150.000000 -0.625809 0.050000
-375.000000 150.000000 -150.000000 -0.881713 0.050000
-300.000000 150.000000 -150.000000 -1.145222 0.050000
-225.000000 150.000000 -150.000000 -1.502460 0.050000
-150.000000 150.000000 -150.000000 -1.881663 0.050000
-75.000000 150.000000 -150.000000 -2.040194 0.050000
0.000000 150.000000 -150.000000 -2.179126 0.050000
75.000000 150.000000 -150.000000 -2.094227 0.050000
150.000000 150.000000 -150.000000 -1.897878 0.050000
225.000000 150.000000 -150.000000 -1.572740 0.050000
300.000000 150.000000 -150.000000 -1.167608 0.050000
375.000000 150.000000 -150.000000 -0.916167 0.050000
450.000000 150.000000 -150.000000 -0.680558 0.050000
525.000000 150.000000 -150.000000 -0.471170 0.050000
600.000000 150.000000 -150.000000 -0.353412 0.050000
-600.000000 225.000000 -150.000000 -0.410064 0.050000
-525.000000 225.000000 -150.000000 -0.558597 0.050000
-450.000000 225.000000 -150.000000 -0.849123 0.050000
-375.000000 225.000000 -150.000000 -1.159788 0.050000
-300.000000 225.000000 -150.000000 -1.503241 0.050000
-225.000000 225.000000 -150.000000 -1.862910 0.050000
-150.000000 225.000000 -150.000000 -2.199326 0.050000
-75.000000 225.000000 -150.000000 -2.542514 0.050000
0.000000 225.000000 -150.000000 -2.635615 0.050000
75.000000 225.000000 -150.000000 -2.588576 0.050000
150.000000 225.000000 -150.000000 -2.283429 0.050000
225.000000 225.000000 -150.000000 -1.919407 0.050000
300.000000 225.000000 -150.000000 -1.477301 0.050000
375.000000 225.000000 -150.000000 -1.229405 0.050000
450.000000 225.000000 -150.000000 -0.819184 0.050000
525.000000 225.000000 -150.000000 -0.613569 0.050000
600.000000 225.000000 -150.000000 -0.393761 0.050000
-600.000000 300.000000 -150.000000 -0.482676 0.050000
-525.000000 300.000000 -150.000000 -0.751313 0.050000
-450.000000 300.000000 -150.000000 -0.953408 0.050000
-375.000000 300.000000 -150.000000 -1.290529 0.050000
-300.000000 300.000000 -150.000000 -1.692922 0.050000
-225.000000 300.000000 -150.000000 -1.980967 0.050000
-150.000000 300.000000 -150.000000 -2.406054 0.050000
-75.000000 300.000000 -150.000000 -2.643951 0.050000
0.000000 300.000000 -150.000000 -2.583539 0.050000
75.000000 300.000000 -150.000000 -2.641688 0.050000
150.000000 300.000000 -150.000000 -2.447547 0.050000
225.000000 300.000000 -150.000000 -2.083086 0.050000
300.000000 300.000000 -150.000000 -1.672335 0.050000
375.000000 300.000000 -150.000000 -1.207665 0.050000
450.000000 300.000000 -150.000000 -0.951956 0.050000
525.000000 300.000000 -150.000000 -0.742546 0.050000
600.000000 300.000000 -150.000000 -0.557662 0.050000
-600.000000 375.000000 -150.000000 -0.524371 0.050000
-525.000000 375.000000 -150.000000 -0.743794 0.050000
-450.000000 375.000000 -150.000000 -0.987827 0.050000
-375.000000 375.000000 -150.000000 -1.324754 0.050000
-300.000000 375.000000 -150.000000 -1.536635 0.050000
-225.000000 375.000000 -150.000000 -1.925447 0.050000
-150.000000 375.000000 -150.000000 -2.306459 0.050000
-75.000000 375.000000 -150.000000 -2.510471 0.050000
0.000000 375.000000 -150.000000 -2.522686 0.050000
75.000000 375.000000 -150.000000 -2.414617 0.050000
150.000000 375.000000 -150.000000 -2.261565 0.050000
225.000000 375.000000 -150.000000 -1.875402 0.050000
300.000000 375.000000 -150.000000 -1.569475 0.050000
375.000000 375.000000 -150.000000 -1.247322 0.050000
450.000000 375.000000 -150.000000 -1.073923 0.050000
525.000000 375.000000 -150.000000 -0.740304 0.050000
600.000000 375.000000 -150.000000 -0.512019 0.050000
-600.000000 450.000000 -150.000000 -0.570357 0.050000
-525.000000 450.000000 -150.000000 -0.756453 0.050000
-450.000000 450.000000 -150.000000 -0.933927 0.050000
-375.000000 450.000000 -150.000000 -1.243029 0.050000
-300.000000 450.000000 -150.000000 -1.471127 0.050000
-225.000000 450.000000 -150.000000 -1.681780 0.050000
-150.000000 450.000000 -150.000000 -1.968639 0.050000
-75.000000 450.000000 -150.000000 -2.124781 0.050000
0.000000 450.000000 -150.000000 -2.171897 0.050000
75.000000 450.000000 -150.000000 -2.159815 0.050000
150.000000 450.000000 -150.000000 -1.976282 0.050000
225.000000 450.000000 -150.000000 -1.657629 0.050000
300.000000 450.000000 -150.000000 -1.444091 0.050000
375.000000 450.000000 -150.000000 -1.219873 0.050000
450.000000 450.000000 -150.000000 -0.866415 0.050000
525.000000 450.000000 -150.000000 -0.779648 0.050000
600.000000 450.000000 -150.000000 -0.563692 0.050000
-600.000000 525.000000 -150.000000 -0.555034 0.050000
-525.000000 525.000000 -150.000000 -0.739705 0.050000
-450.000000 525.000000 -150.000000 -0.780657 0.050000
-375.000000 525.000000 -150.000000 -0.991949 0.050000
-300.000000 525.000000 -150.000000 -1.246219 0.050000
-225.000000 525.000000 -150.000000 -1.458436 0.050000
-150.000000 525.000000 -150.000000 -1.626383 0.050000
-75.000000 525.000000 -150.000000 -1.762632 0.050000
0.000000 525.000000 -150.000000 -1.806073 0.050000
75.000000 525.000000 -150.000000 -1.776801 0.050000
150.000000 525.000000 -150.000000 -1.531906 0.050000
225.000000 525.000000 -150.000000 -1.565785 0.050000
300.000000 525.000000 -150.000000 -1.214792 0.050000
375.000000 525.000000 -150.000000 -1.056515 0.050000
450.000000 525.000000 -150.000000 -0.775804 0.050000
525.000000 525.000000 -150.000000 -0.610421 0.050000
600.000000 525.000000 -150.000000 -0.544664 0.050000
-600.000000 600.000000 -150.000000 -0.618875 0.050000
-525.000000 600.000000 -150.000000 -0.582039 0.050000
-450.000000 600.000000 -150.000000 -0.808394 0.050000
-375.000000 600.000000 -150.000000 -0.843529 0.050000
-300.000000 600.000000 -150.000000 -1.109794 0.050000
-225.000000 600.000000 -150.000000 -1.204144 0.050000
-150.000000 600.000000 -150.000000 -1.336715 0.050000
-75.000000 600.000000 -150.000000 -1.403638 0.050000
0.000000 600.000000 -150.000000 -1.514685 0.050000
75.000000 600.000000 -150.000000 -1.550584 0.050000
150.000000 600.000000 -150.000000 -1.380912 0.050000
225.000000 600.000000 -150.000000 -1.285755 0.050000
300.000000 600.000000 -150.000000 -0.990928 0.050000
375.000000 600.000000 -150.000000 -0.936457 0.050000
450.000000 600.000000 -150.000000 -0.822071 0.050000
525.000000 600.000000 -150.000000 -0.640969 0.050000
600.000000 600.000000 -150.000000 -0.570632 0.050000
