-600.000000 -600.000000 -150.000000 -0.056061 0.050000
-525.000000 -600.000000 -150.000000 -0.047450 0.050000
-450.000000 -600.000000 -150.000000 0.050392 0.050000
-375.000000 -600.000000 -150.000000 0.107031 0.050000
-300.000000 -600.000000 -150.000000 0.132720 0.050000
-225.000000 -600.000000 -150.000000 0.194240 0.050000
-150.000000 -600.000000 -150.000000 0.301059 0.050000
-75.000000 -600.000000 -150.000000 0.370827 0.050000
0.000000 -600.000000 -150.000000 0.343054 0.050000
75.000000 -600.000000 -150.000000 0.400175 0.050000
150.000000 -600.000000 -150.000000 0.198826 0.050000
225.000000 -600.000000 -150.000000 0.242412 0.050000
300.000000 -600.000000 -150.000000 0.142465 0.050000
375.000000 -600.000000 -150.000000 0.112516 0.050000
450.000000 -600.000000 -150.000000 0.087837 0.050000
525.000000 -600.000000 -150.000000 0.097276 0.050000
600.000000 -600.000000 -150.000000 -0.096990 0.050000
-600.000000 -525.000000 -150.000000 -0.097305 0.050000
-525.000000 -525.000000 -150.000000 0.100024 0.050000
-450.000000 -525.000000 -150.000000 0.093618 0.050000
-375.000000 -525.000000 -150.000000 0.222409 0.050000
-300.000000 -525.000000 -150.000000 0.341780 0.050000
-225.000000 -525.000000 -150.000000 0.433808 0.050000
-150.000000 -525.000000 -150.000000 0.531236 0.050000
-75.000000 -525.000000 -150.000000 0.656955 0.050000
0.000000 -525.000000 -150.000000 0.596545 0.050000
75.000000 -525.000000 -150.000000 0.701055 0.050000
150.000000 -525.000000 -150.000000 0.678199 0.050000
225.000000 -525.000000 -150.000000 0.427868 0.050000
300.000000 -525.000000 -150.000000 0.309258 0.050000
375.000000 -525.000000 -150.000000 0.264844 0.050000
450.000000 -525.000000 -150.000000 0.102024 0.050000
525.000000 -525.000000 -150.000000 0.074131 0.050000
600.000000 -525.000000 -150.000000 -0.023065 0.050000
-600.000000 -450.000000 -150.000000 0.068118 0.050000
-525.000000 -450.000000 -150.000000 0.029761 0.050000
-450.000000 -450.000000 -150.000000 0.274835 0.050000
-375.000000 -450.000000 -150.000000 0.357552 0.050000
-300.000000 -450.000000 -150.000000 0.594540 0.050000
-225.000000 -450.000000 -150.000000 0.796527 0.050000
-150.000000 -450.000000 -150.000000 1.134057 0.050000
-75.000000 -450.000000 -150.000000 1.171972 0.050000
0.000000 -450.000000 -150.000000 1.243787 0.050000
75.000000 -450.000000 -150.000000 1.242592 0.050000
150.000000 -450.000000 -150.000000 0.981535 0.050000
225.000000 -450.000000 -150.000000 0.858872 0.050000
300.000000 -450.000000 -150.000000 0.603474 0.050000
375.000000 -450.000000 -150.000000 0.452549 0.050000
450.000000 -450.000000 -150.000000 0.302598 0.050000
525.000000 -450.000000 -150.000000 0.165957 0.050000
600.000000 -450.000000 -150.000000 0.024565 0.050000
-600.000000 -375.000000 -150.000000 0.197014 0.050000
-525.000000 -375.000000 -150.000000 0.293727 0.050000
-450.000000 -375.000000 -150.000000 0.409503 0.050000
-375.000000 -375.000000 -150.000000 0.661399 0.050000
-300.000000 -375.000000 -150.000000 0.975303 0.050000
-225.000000 -375.000000 -150.000000 1.334227 0.050000
-150.000000 -375.000000 -150.000000 1.674192 0.050000
-75.000000 -375.000000 -150.000000 1.964390 0.050000
0.000000 -375.000000 -150.000000 1.844046 0.050000
75.000000 -375.000000 -150.000000 1.815464 0.050000
150.000000 -375.000000 -150.000000 1.594883 0.050000
225.000000 -375.000000 -150.000000 1.237445 0.050000
300.000000 -375.000000 -150.000000 0.957956 0.050000
375.000000 -375.000000 -150.000000 0.626528 0.050000
450.000000 -375.000000 -150.000000 0.480384 0.050000
525.000000 -375.000000 -150.000000 0.198980 0.050000
600.000000 -375.000000 -150.000000 -0.042426 0.050000
-600.000000 -300.000000 -150.000000 0.212588 0.050000
-525.000000 -300.000000 -150.000000 0.391795 0.050000
-450.000000 -300.000000 -150.000000 0.629218 0.050000
-375.000000 -300.000000 -150.000000 0.962317 0.050000
-300.000000 -300.000000 -150.000000 1.370721 0.050000
-225.000000 -300.000000 -150.000000 1.945020 0.050000
-150.000000 -300.000000 -150.000000 2.406547 0.050000
-75.000000 -300.000000 -150.000000 2.738831 0.050000
0.000000 -300.000000 -150.000000 2.814433 0.050000
75.000000 -300.000000 -150.000000 2.638184 0.050000
150.000000 -300.000000 -150.000000 2.313554 0.050000
225.000000 -300.000000 -150.000000 1.899588 0.050000
300.000000 -300.000000 -150.000000 1.500304 0.050000
375.000000 -300.000000 -150.000000 0.993822 0.050000
450.000000 -300.000000 -150.000000 0.584897 0.050000
525.000000 -300.000000 -150.000000 0.388609 0.050000
600.000000 -300.000000 -150.000000 0.217289 0.050000
-600.000000 -225.000000 -150.000000 0.368142 0.050000
-525.000000 -225.000000 -150.000000 0.470254 0.050000
-450.000000 -225.000000 -150.000000 0.763643 0.050000
-375.000000 -225.000000 -150.000000 1.214102 0.050000
-300.000000 -225.000000 -150.000000 1.840850 0.050000
-225.000000 -225.000000 -150.000000 2.572364 0.050000
-150.000000 -225.000000 -150.000000 3.290211 0.050000
-75.000000 -225.000000 -150.000000 3.794640 0.050000
0.000000 -225.000000 -150.000000 4.004954 0.050000
75.000000 -225.000000 -150.000000 3.878076 0.050000
150.000000 -225.000000 -150.000000 3.273686 0.050000
225.000000 -225.000000 -150.000000 2.578291 0.050000
300.000000 -225.000000 -150.000000 1.979860 0.050000
375.000000 -225.000000 -150.000000 1.404361 0.050000
450.000000 -225.000000 -150.000000 0.809045 0.050000
525.000000 -225.000000 -150.000000 0.407119 0.050000
600.000000 -225.000000 -150.000000 0.260730 0.050000
-600.000000 -150.000000 -150.000000 0.374039 0.050000
-525.000000 -150.000000 -150.000000 0.522693 0.050000
-450.000000 -150.000000 -150.000000 1.041009 0.050000
-375.000000 -150.000000 -150.000000 1.567607 0.050000
-300.000000 -150.000000 -150.000000 2.316268 0.050000
-225.000000 -150.000000 -150.000000 3.312440 0.050000
-150.000000 -150.000000 -150.000000 4.193237 0.050000
-75.000000 -150.000000 -150.000000 4.832155 0.050000
0.000000 -150.000000 -150.000000 5.135185 0.050000
75.000000 -150.000000 -150.000000 4.890754 0.050000
150.000000 -150.000000 -150.000000 4.168617 0.050000
225.000000 -150.000000 -150.000000 3.326121 0.050000
300.000000 -150.000000 -150.000000 2.442750 0.050000
375.000000 -150.000000 -150.000000 1.633952 0.050000
450.000000 -150.000000 -150.000000 0.966996 0.050000
525.000000 -150.000000 -150.000000 0.622057 0.050000
600.000000 -150.000000 -150.000000 0.319549 0.050000
-600.000000 -75.000000 -150.000000 0.351103 0.050000
-525.000000 -75.000000 -150.000000 0.732857 0.050000
-450.000000 -75.000000 -150.000000 1.247914 0.050000
-375.000000 -75.000000 -150.000000 1.821934 0.050000
-300.000000 -75.000000 -150.000000 2.738259 0.050000
-225.000000 -75.000000 -150.000000 3.893756 0.050000
-150.000000 -75.000000 -150.000000 4.860991 0.050000
-75.000000 -75.000000 -150.000000 5.827496 0.050000
0.000000 -75.000000 -150.000000 6.043760 0.050000
75.000000 -75.000000 -150.000000 5.654348 0.050000
150.000000 -75.000000 -150.000000 4.919202 0.050000
225.000000 -75.000000 -150.000000 3.729358 0.050000
300.000000 -75.000000 -150.000000 2.749094 0.050000
375.000000 -75.000000 -150.000000 1.870831 0.050000
450.000000 -75.000000 -150.000000 1.232863 0.050000
525.000000 -75.000000 -150.000000 0.754853 0.050000
600.000000 -75.000000 -150.000000 0.333277 0.050000
-600.000000 0.000000 -150.000000 0.470029 0.050000
-525.000000 0.000000 -150.000000 0.712967 0.050000
-450.000000 0.000000 -150.000000 1.244814 0.050000
-375.000000 0.000000 -150.000000 1.874580 0.050000
-300.000000 0.000000 -150.000000 2.820141 0.050000
-225.000000 0.000000 -150.000000 3.999488 0.050000
-150.000000 0.000000 -150.000000 5.172731 0.050000
-75.000000 0.000000 -150.000000 6.054800 0.050000
0.000000 0.000000 -150.000000 6.421762 0.050000
75.000000 0.000000 -150.000000 6.056400 0.050000
150.000000 0.000000 -150.000000 5.188176 0.050000
225.000000 0.000000 -150.000000 4.126950 0.050000
300.000000 0.000000 -150.000000 2.820578 0.050000
375.000000 0.000000 -150.000000 1.903992 0.050000
450.000000 0.000000 -150.000000 1.162565 0.050000
525.000000 0.000000 -150.000000 0.657777 0.050000
600.000000 0.000000 -150.000000 0.310611 0.050000
-600.000000 75.000000 -150.000000 0.312218 0.050000
-525.000000 75.000000 -150.000000 0.655282 0.050000
-450.000000 75.000000 -150.000000 1.178063 0.050000
-375.000000 75.000000 -150.000000 1.828186 0.050000
-300.000000 75.000000 -150.000000 2.697446 0.050000
-225.000000 75.000000 -150.000000 3.791738 0.050000
-150.000000 75.000000 -150.000000 4.848270 0.050000
-75.000000 75.000000 -150.000000 5.652797 0.050000
0.000000 75.000000 -150.000000 5.973285 0.050000
75.000000 75.000000 -150.000000 5.647155 0.050000
150.000000 75.000000 -150.000000 4.828108 0.050000
225.000000 75.000000 -150.000000 3.808706 0.050000
300.000000 75.000000 -150.000000 2.647593 0.050000
375.000000 75.000000 -150.000000 1.773413 0.050000
450.000000 75.000000 -150.000000 1.104967 0.050000
525.000000 75.000000 -150.000000 0.654732 0.050000
600.000000 75.000000 -150.000000 0.415397 0.050000
-600.000000 150.000000 -150.000000 0.196216 0.050000
-525.000000 150.000000 -150.000000 0.521340 0.050000
-450.000000 150.000000 -150.000000 0.915278 0.050000
-375.000000 150.000000 -150.000000 1.587724 0.050000
-300.000000 150.000000 -150.000000 2.360184 0.050000
-225.000000 150.000000 -150.000000 3.312365 0.050000
-150.000000 150.000000 -150.000000 4.186787 0.050000
-75.000000 150.000000 -150.000000 4.838308 0.050000
0.000000 150.000000 -150.000000 5.205808 0.050000
75.000000 150.000000 -150.000000 4.901371 0.050000
150.000000 150.000000 -150.000000 4.172108 0.050000
225.000000 150.000000 -150.000000 3.258349 0.050000
300.000000 150.000000 -150.000000 2.394054 0.050000
375.000000 150.000000 -150.000000 1.599218 0.050000
450.000000 150.000000 -150.000000 0.945547 0.050000
525.000000 150.000000 -150.000000 0.545673 0.050000
600.000000 150.000000 -150.000000 0.247115 0.050000
-600.000000 225.000000 -150.000000 0.151569 0.050000
-525.000000 225.000000 -150.000000 0.583087 0.050000
-450.000000 225.000000 -150.000000 0.820401 0.050000
-375.000000 225.000000 -150.000000 1.422434 0.050000
-300.000000 225.000000 -150.000000 1.825326 0.050000
-225.000000 225.000000 -150.000000 2.538939 0.050000
-150.000000 225.000000 -150.000000 3.233963 0.050000
-75.000000 225.000000 -150.000000 3.776529 0.050000
0.000000 225.000000 -150.000000 3.972361 0.050000
75.000000 225.000000 -150.000000 3.762953 0.050000
150.000000 225.000000 -150.000000 3.245086 0.050000
225.000000 225.000000 -150.000000 2.627510 0.050000
300.000000 225.000000 -150.000000 1.868405 0.050000
375.000000 225.000000 -150.000000 1.295296 0.050000
450.000000 225.000000 -150.000000 0.772889 0.050000
525.000000 225.000000 -150.000000 0.454335 0.050000
600.000000 225.000000 -150.000000 0.227288 0.050000
-600.000000 300.000000 -150.000000 0.210218 0.050000
-525.000000 300.000000 -150.000000 0.392382 0.050000
-450.000000 300.000000 -150.000000 0.507626 0.050000
-375.000000 300.000000 -150.000000 0.974359 0.050000
-300.000000 300.000000 -150.000000 1.413607 0.050000
-225.000000 300.000000 -150.000000 1.913319 0.050000
-150.000000 300.000000 -150.000000 2.340908 0.050000
-75.000000 300.000000 -150.000000 2.727427 0.050000
0.000000 300.000000 -150.000000 2.837910 0.050000
75.000000 300.000000 -150.000000 2.755342 0.050000
150.000000 300.000000 -150.000000 2.441741 0.050000
225.000000 300.000000 -150.000000 1.892137 0.050000
300.000000 300.000000 -150.000000 1.432636 0.050000
375.000000 300.000000 -150.000000 0.938620 0.050000
450.000000 300.000000 -150.000000 0.589099 0.050000
525.000000 300.000000 -150.000000 0.330850 0.050000
600.000000 300.000000 -150.000000 0.121881 0.050000
-600.000000 375.000000 -150.000000 0.072504 0.050000
-525.000000 375.000000 -150.000000 0.256719 0.050000
-450.000000 375.000000 -150.000000 0.487340 0.050000
-375.000000 375.000000 -150.000000 0.718654 0.050000
-300.000000 375.000000 -150.000000 0.968440 0.050000
-225.000000 375.000000 -150.000000 1.227891 0.050000
-150.000000 375.000000 -150.000000 1.519403 0.050000
-75.000000 375.000000 -150.000000 1.783498 0.050000
0.000000 375.000000 -150.000000 1.931143 0.050000
75.000000 375.000000 -150.000000 1.868528 0.050000
150.000000 375.000000 -150.000000 1.603379 0.050000
225.000000 375.000000 -150.000000 1.194240 0.050000
300.000000 375.000000 -150.000000 0.879032 0.050000
375.000000 375.000000 -150.000000 0.572166 0.050000
450.000000 375.000000 -150.000000 0.446159 0.050000
525.000000 375.000000 -150.000000 0.230520 0.050000
600.000000 375.000000 -150.000000 0.170680 0.050000
-600.000000 450.000000 -150.000000 0.035990 0.050000
-525.000000 450.000000 -150.000000 0.100691 0.050000
-450.000000 450.000000 -150.000000 0.259547 0.050000
-375.000000 450.000000 -150.000000 0.402283 0.050000
-300.000000 450.000000 -150.000000 0.600799 0.050000
-225.000000 450.000000 -150.000000 0.841439 0.050000
-150.000000 450.000000 -150.000000 0.901134 0.050000
-75.000000 450.000000 -150.000000 1.127880 0.050000
0.000000 450.000000 -150.000000 1.179967 0.050000
75.000000 450.000000 -150.000000 1.129450 0.050000
150.000000 450.000000 -150.000000 1.014209 0.050000
225.000000 450.000000 -150.000000 0.806847 0.050000
300.000000 450.000000 -150.000000 0.551179 0.050000
375.000000 450.000000 -150.000000 0.400612 0.050000
450.000000 450.000000 -150.000000 0.205328 0.050000
525.000000 450.000000 -150.000000 0.129619 0.050000
600.000000 450.000000 -150.000000 0.087310 0.050000
-600.000000 525.000000 -150.000000 -0.045025 0.050000
-525.000000 525.000000 -150.000000 -0.000837 0.050000
-450.000000 525.000000 -150.000000 0.143418 0.050000
-375.000000 525.000000 -150.000000 0.256059 0.050000
-300.000000 525.000000 -150.000000 0.294274 0.050000
-225.000000 525.000000 -150.000000 0.474365 0.050000
-150.000000 525.000000 -150.000000 0.576499 0.050000
-75.000000 525.000000 -150.000000 0.666269 0.050000
0.000000 525.000000 -150.000000 0.761326 0.050000
75.000000 525.000000 -150.000000 0.596975 0.050000
150.000000 525.000000 -150.000000 0.598044 0.050000
225.000000 525.000000 -150.000000 0.409953 0.050000
300.000000 525.000000 -150.000000 0.411589 0.050000
375.000000 525.000000 -150.000000 0.318230 0.050000
450.000000 525.000000 -150.000000 0.043922 0.050000
525.000000 525.000000 -150.000000 0.067256 0.050000
600.000000 525.000000 -150.000000 0.009896 0.050000
-600.000000 600.000000 -150.000000 -0.053444 0.050000
-525.000000 600.000000 -150.000000 0.039485 0.050000
-450.000000 600.000000 -150.000000 -0.017189 0.050000
-375.000000 600.000000 -150.000000 0.127780 0.050000
-300.000000 600.000000 -150.000000 0.033123 0.050000
-225.000000 600.000000 -150.000000 0.277709 0.050000
-150.000000 600.000000 -150.000000 0.314938 0.050000
-75.000000 600.000000 -150.000000 0.359538 0.050000
0.000000 600.000000 -150.000000 0.336457 0.050000
75.000000 600.000000 -150.000000 0.346613 0.050000
150.000000 600.000000 -150.000000 0.349528 0.050000
225.000000 600.000000 -150.000000 0.302713 0.050000
300.000000 600.000000 -150.000000 0.195222 0.050000
375.000000 600.000000 -150.000000 0.117848 0.050000
450.000000 600.000000 -150.000000 0.062528 0.050000
525.000000 600.000000 -150.000000 -0.047645 0.050000
600.000000 600.000000 -150.000000 -0.077149 0.050000
