-600.000000 -600.000000 -150.000000 0.224447 0.100000
-525.000000 -600.000000 -150.000000 -0.086445 0.100000
-450.000000 -600.000000 -150.000000 0.031019 0.100000
-375.000000 -600.000000 -150.000000 -0.308769 0.100000
-300.000000 -600.000000 -150.000000 -0.705794 0.100000
-225.000000 -600.000000 -150.000000 -0.804161 0.100000
-150.000000 -600.000000 -150.000000 -0.856582 0.100000
-75.000000 -600.000000 -150.000000 -1.210750 0.100000
0.000000 -600.000000 -150.000000 -1.377365 0.100000
75.000000 -600.000000 -150.000000 -1.063566 0.100000
150.000000 -600.000000 -150.000000 -0.913292 0.100000
225.000000 -600.000000 -150.000000 -0.760352 0.100000
300.000000 -600.000000 -150.000000 -0.585965 0.100000
375.000000 -600.000000 -150.000000 -0.274590 0.100000
450.000000 -600.000000 -150.000000 -0.315083 0.100000
525.000000 -600.000000 -150.000000 0.035673 0.100000
600.000000 -600.000000 -150.000000 -0.049243 0.100000
-600.000000 -525.000000 -150.000000 0.275042 0.100000
-525.000000 -525.000000 -150.000000 0.032321 0.100000
-450.000000 -525.000000 -150.000000 -0.214072 0.100000
-375.000000 -525.000000 -150.000000 -0.281406 0.100000
-300.000000 -525.000000 -150.000000 -0.613950 0.100000
-225.000000 -525.000000 -150.000000 -0.951629 0.100000
-150.000000 -525.000000 -150.000000 -1.253419 0.100000
-75.000000 -525.000000 -150.000000 -1.597797 0.100000
0.000000 -525.000000 -150.000000 -1.631057 0.100000
75.000000 -525.000000 -150.000000 -1.599425 0.100000
150.000000 -525.000000 -150.000000 -1.422238 0.100000
225.000000 -525.000000 -150.000000 -0.947465 0.100000
300.000000 -525.000000 -150.000000 -0.707397 0.100000
375.000000 -525.000000 -150.000000 -0.375849 0.100000
450.000000 -525.000000 -150.000000 -0.232791 0.100000
525.000000 -525.000000 -150.000000 0.011919 0.100000
600.000000 -525.000000 -150.000000 0.326133 0.100000
-600.000000 -450.000000 -150.000000 0.272683 0.100000
-525.000000 -450.000000 -150.000000 -0.016151 0.100000
-450.000000 -450.000000 -150.000000 -0.008505 0.100000
-375.000000 -450.000000 -150.000000 -0.237094 0.100000
-300.000000 -450.000000 -150.000000 -0.788739 0.100000
-225.000000 -450.000000 -150.000000 -1.164874 0.100000
-150.000000 -450.000000 -150.000000 -1.706372 0.100000
-75.000000 -450.000000 -150.000000 -2.027831 0.100000
0.000000 -450.000000 -150.000000 -2.105863 0.100000
75.000000 -450.000000 -150.000000 -1.889131 0.100000
150.000000 -450.000000 -150.000000 -1.543438 0.100000
225.000000 -450.000000 -150.000000 -1.109833 0.100000
300.000000 -450.000000 -150.000000 -0.775255 0.100000
375.000000 -450.000000 -150.000000 -0.392880 0.100000
450.000000 -450.000000 -150.000000 0.104398 0.100000
525.000000 -450.000000 -150.000000 0.159699 0.100000
600.000000 -450.000000 -150.000000 0.436731 0.100000
-600.000000 -375.000000 -150.000000 0.576866 0.100000
-525.000000 -375.000000 -150.000000 0.295101 0.100000
-450.000000 -375.000000 -150.000000 0.251940 0.100000
-375.000000 -375.000000 -150.000000 -0.161932 0.100000
-300.000000 -375.000000 -150.000000 -0.822968 0.100000
-225.000000 -375.000000 -150.000000 -1.410526 0.100000
-150.000000 -375.000000 -150.000000 -1.917299 0.100000
-75.000000 -375.000000 -150.000000 -2.381772 0.100000
0.000000 -375.000000 -150.000000 -2.625400 0.100000
75.000000 -375.000000 -150.000000 -2.567729 0.100000
150.000000 -375.000000 -150.000000 -2.073817 0.100000
225.000000 -375.000000 -150.000000 -1.366997 0.100000
300.000000 -375.000000 -150.000000 -0.773804 0.100000
375.000000 -375.000000 -150.000000 -0.177835 0.100000
450.000000 -375.000000 -150.000000 0.069581 0.100000
525.000000 -375.000000 -150.000000 0.437683 0.100000
600.000000 -375.000000 -150.000000 0.362432 0.100000
-600.000000 -300.000000 -150.000000 0.674554 0.100000
-525.000000 -300.000000 -150.000000 0.418407 0.100000
-450.000000 -300.000000 -150.000000 0.281359 0.100000
-375.000000 -300.000000 -150.000000 -0.065409 0.100000
-300.000000 -300.000000 -150.000000 -0.499247 0.100000
-225.000000 -300.000000 -150.000000 -1.427856 0.100000
-150.000000 -300.000000 -150.000000 -2.449708 0.100000
-75.000000 -300.000000 -150.000000 -3.091690 0.100000
0.000000 -300.000000 -150.000000 -3.324412 0.100000
75.000000 -300.000000 -150.000000 -2.979337 0.100000
150.000000 -300.000000 -150.000000 -2.318647 0.100000
225.000000 -300.000000 -150.000000 -1.357230 0.100000
300.000000 -300.000000 -150.000000 -0.546977 0.100000
375.000000 -300.000000 -150.000000 -0.213645 0.100000
450.000000 -300.000000 -150.000000 0.355670 0.100000
525.000000 -300.000000 -150.000000 0.577168 0.100000
600.000000 -300.000000 -150.000000 0.761373 0.100000
-600.000000 -225.000000 -150.000000 0.904766 0.100000
-525.000000 -225.000000 -150.000000 0.868897 0.100000
-450.000000 -225.000000 -150.000000 0.705560 0.100000
-375.000000 -225.000000 -150.000000 0.072105 0.100000
-300.000000 -225.000000 -150.000000 -0.695475 0.100000
-225.000000 -225.000000 -150.000000 -1.738810 0.100000
-150.000000 -225.000000 -150.000000 -2.707992 0.100000
-75.000000 -225.000000 -150.000000 -3.756262 0.100000
0.000000 -225.000000 -150.000000 -4.272367 0.100000
75.000000 -225.000000 -150.000000 -3.841665 0.100000
150.000000 -225.000000 -150.000000 -2.791625 0.100000
225.000000 -225.000000 -150.000000 -1.761360 0.100000
300.000000 -225.000000 -150.000000 -0.477789 0.100000
375.000000 -225.000000 -150.000000 0.228159 0.100000
450.000000 -225.000000 -150.000000 0.576323 0.100000
525.000000 -225.000000 -150.000000 0.737992 0.100000
600.000000 -225.000000 -150.000000 1.025107 0.100000
-600.000000 -150.000000 -150.000000 0.966598 0.100000
-525.000000 -150.000000 -150.000000 0.930953 0.100000
-450.000000 -150.000000 -150.000000 0.803537 0.100000
-375.000000 -150.000000 -150.000000 0.304928 0.100000
-300.000000 -150.000000 -150.000000 -0.576560 0.100000
-225.000000 -150.000000 -150.000000 -1.793352 0.100000
-150.000000 -150.000000 -150.000000 -3.106869 0.100000
-75.000000 -150.000000 -150.000000 -4.396707 0.100000
0.000000 -150.000000 -150.000000 -4.936068 0.100000
75.000000 -150.000000 -150.000000 -4.399328 0.100000
150.000000 -150.000000 -150.000000 -3.210828 0.100000
225.000000 -150.000000 -150.000000 -1.584834 0.100000
300.000000 -150.000000 -150.000000 -0.452317 0.100000
375.000000 -150.000000 -150.000000 0.307194 0.100000
450.000000 -150.000000 -150.000000 0.748989 0.100000
525.000000 -150.000000 -150.000000 1.094184 0.100000
600.000000 -150.000000 -150.000000 1.118635 0.100000
-600.000000 -75.000000 -150.000000 1.056305 0.100000
-525.000000 -75.000000 -150.000000 0.948773 0.100000
-450.000000 -75.000000 -150.000000 1.153748 0.100000
-375.000000 -75.000000 -150.000000 0.433408 0.100000
-300.000000 -75.000000 -150.000000 -0.421883 0.100000
-225.000000 -75.000000 -150.000000 -1.680402 0.100000
-150.000000 -75.000000 -150.000000 -3.411517 0.100000
-75.000000 -75.000000 -150.000000 -4.869379 0.100000
0.000000 -75.000000 -150.000000 -5.431527 0.100000
75.000000 -75.000000 -150.000000 -4.938871 0.100000
150.000000 -75.000000 -150.000000 -3.455248 0.100000
225.000000 -75.000000 -150.000000 -1.690194 0.100000
300.000000 -75.000000 -150.000000 -0.196162 0.100000
375.000000 -75.000000 -150.000000 0.513539 0.100000
450.000000 -75.000000 -150.000000 0.799444 0.100000
525.000000 -75.000000 -150.000000 1.142173 0.100000
600.000000 -75.000000 -150.000000 1.229813 0.100000
-600.000000 0.000000 -150.000000 1.169028 0.100000
-525.000000 0.000000 -150.000000 0.972335 0.100000
-450.000000 0.000000 -150.000000 0.894931 0.100000
-375.000000 0.000000 -150.000000 0.604919 0.100000
-300.000000 0.000000 -150.000000 -0.420720 0.100000
-225.000000 0.000000 -150.000000 -1.808786 0.100000
-150.000000 0.000000 -150.000000 -3.703946 0.100000
-75.000000 0.000000 -150.000000 -5.123149 0.100000
0.000000 0.000000 -150.000000 -5.844715 0.100000
75.000000 0.000000 -150.000000 -5.035607 0.100000
150.000000 0.000000 -150.000000 -3.623608 0.100000
225.000000 0.000000 -150.000000 -1.692963 0.100000
300.000000 0.000000 -150.000000 -0.297699 0.100000
375.000000 0.000000 -150.000000 0.525572 0.100000
450.000000 0.000000 -150.000000 0.988480 0.100000
525.000000 0.000000 -150.000000 1.258865 0.100000
600.000000 0.000000 -150.000000 1.076137 0.100000
-600.000000 75.000000 -150.000000 1.316075 0.100000
-525.000000 75.000000 -150.000000 1.067825 0.100000
-450.000000 75.000000 -150.000000 0.952039 0.100000
-375.000000 75.000000 -150.000000 0.561306 0.100000
-300.000000 75.000000 -150.000000 -0.306302 0.100000
-225.000000 75.000000 -150.000000 -1.751746 0.100000
-150.000000 75.000000 -150.000000 -3.362926 0.100000
-75.000000 75.000000 -150.000000 -4.912667 0.100000
0.000000 75.000000 -150.000000 -5.537091 0.100000
75.000000 75.000000 -150.000000 -4.969674 0.100000
150.000000 75.000000 -150.000000 -3.493500 0.100000
225.000000 75.000000 -150.000000 -1.587274 0.100000
300.000000 75.000000 -150.000000 -0.414103 0.100000
375.000000 75.000000 -150.000000 0.646966 0.100000
450.000000 75.000000 -150.000000 1.044690 0.100000
525.000000 75.000000 -150.000000 1.046946 0.100000
600.000000 75.000000 -150.000000 1.239778 0.100000
-600.000000 150.000000 -150.000000 0.974901 0.100000
-525.000000 150.000000 -150.000000 0.928978 0.100000
-450.000000 150.000000 -150.000000 0.808197 0.100000
-375.000000 150.000000 -150.000000 0.305119 0.100000
-300.000000 150.000000 -150.000000 -0.520448 0.100000
-225.000000 150.000000 -150.000000 -1.544379 0.100000
-150.000000 150.000000 -150.000000 -3.140111 0.100000
-75.000000 150.000000 -150.000000 -4.539652 0.100000
0.000000 150.000000 -150.000000 -5.026897 0.100000
75.000000 150.000000 -150.000000 -4.433481 0.100000
150.000000 150.000000 -150.000000 -3.233825 0.100000
225.000000 150.000000 -150.000000 -1.524885 0.100000
300.000000 150.000000 -150.000000 -0.448487 0.100000
375.000000 150.000000 -150.000000 0.440597 0.100000
450.000000 150.000000 -150.000000 0.832217 0.100000
525.000000 150.000000 -150.000000 1.193874 0.100000
600.000000 150.000000 -150.000000 1.096070 0.100000
-600.000000 225.000000 -150.000000 0.894226 0.100000
-525.000000 225.000000 -150.000000 0.564697 0.100000
-450.000000 225.000000 -150.000000 0.658818 0.100000
-375.000000 225.000000 -150.000000 0.021777 0.100000
-300.000000 225.000000 -150.000000 -0.489545 0.100000
-225.000000 225.000000 -150.000000 -1.684919 0.100000
-150.000000 225.000000 -150.000000 -2.784391 0.100000
-75.000000 225.000000 -150.000000 -3.930014 0.100000
0.000000 225.000000 -150.000000 -4.165377 0.100000
75.000000 225.000000 -150.000000 -3.698056 0.100000
150.000000 225.000000 -150.000000 -2.677460 0.100000
225.000000 225.000000 -150.000000 -1.519898 0.100000
300.000000 225.000000 -150.000000 -0.479640 0.100000
375.000000 225.000000 -150.000000 0.015404 0.100000
450.000000 225.000000 -150.000000 0.546934 0.100000
525.000000 225.000000 -150.000000 0.868103 0.100000
600.000000 225.000000 -150.000000 0.861672 0.100000
-600.000000 300.000000 -150.000000 0.760539 0.100000
-525.000000 300.000000 -150.000000 0.498635 0.100000
-450.000000 300.000000 -150.000000 0.292822 0.100000
-375.000000 300.000000 -150.000000 0.002682 0.100000
-300.000000 300.000000 -150.000000 -0.655041 0.100000
-225.000000 300.000000 -150.000000 -1.667305 0.100000
-150.000000 300.000000 -150.000000 -2.530358 0.100000
-75.000000 300.000000 -150.000000 -3.088926 0.100000
0.000000 300.000000 -150.000000 -3.446366 0.100000
75.000000 300.000000 -150.000000 -2.995769 0.100000
150.000000 300.000000 -150.000000 -2.321669 0.100000
225.000000 300.000000 -150.000000 -1.487123 0.100000
300.000000 300.000000 -150.000000 -0.747039 0.100000
375.000000 300.000000 -150.000000 0.124618 0.100000
450.000000 300.000000 -150.000000 0.426511 0.100000
525.000000 300.000000 -150.000000 0.517381 0.100000
600.000000 300.000000 -150.000000 0.641412 0.100000
-600.000000 375.000000 -150.000000 0.394973 0.100000
-525.000000 375.000000 -150.000000 0.504828 0.100000
-450.000000 375.000000 -150.000000 0.296911 0.100000
-375.000000 375.000000 -150.000000 -0.220033 0.100000
-300.000000 375.000000 -150.000000 -0.638832 0.100000
-225.000000 375.000000 -150.000000 -1.335558 0.100000
-150.000000 375.000000 -150.000000 -1.813099 0.100000
-75.000000 375.000000 -150.000000 -2.510082 0.100000
0.000000 375.000000 -150.000000 -2.703105 0.100000
75.000000 375.000000 -150.000000 -2.610518 0.100000
150.000000 375.000000 -150.000000 -2.022361 0.100000
225.000000 375.000000 -150.000000 -1.230578 0.100000
300.000000 375.000000 -150.000000 -0.735594 0.100000
375.000000 375.000000 -150.000000 -0.100545 0.100000
450.000000 375.000000 -150.000000 0.145393 0.100000
525.000000 375.000000 -150.000000 0.395209 0.100000
600.000000 375.000000 -150.000000 0.616729 0.100000
-600.000000 450.000000 -150.000000 0.107816 0.100000
-525.000000 450.000000 -150.000000 0.323993 0.100000
-450.000000 450.000000 -150.000000 0.108850 0.100000
-375.000000 450.000000 -150.000000 -0.225459 0.100000
-300.000000 450.000000 -150.000000 -0.805661 0.100000
-225.000000 450.000000 -150.000000 -1.029894 0.100000
-150.000000 450.000000 -150.000000 -1.510455 0.100000
-75.000000 450.000000 -150.000000 -1.884008 0.100000
0.000000 450.000000 -150.000000 -2.192724 0.100000
75.000000 450.000000 -150.000000 -1.899271 0.100000
150.000000 450.000000 -150.000000 -1.765161 0.100000
225.000000 450.000000 -150.000000 -1.133669 0.100000
300.000000 450.000000 -150.000000 -0.616481 0.100000
375.000000 450.000000 -150.000000 -0.284340 0.100000
450.000000 450.000000 -150.000000 -0.032635 0.100000
525.000000 450.000000 -150.000000 0.247350 0.100000
600.000000 450.000000 -150.000000 0.400437 0.100000
-600.000000 525.000000 -150.000000 0.204328 0.100000
-525.000000 525.000000 -150.000000 -0.149012 0.100000
-450.000000 525.000000 -150.000000 -0.247321 0.100000
-375.000000 525.000000 -150.000000 -0.382923 0.100000
-300.000000 525.000000 -150.000000 -0.670938 0.100000
-225.000000 525.000000 -150.000000 -0.946999 0.100000
-150.000000 525.000000 -150.000000 -1.314281 0.100000
-75.000000 525.000000 -150.000000 -1.403583 0.100000
0.000000 525.000000 -150.000000 -1.564379 0.100000
75.000000 525.000000 -150.000000 -1.431606 0.100000
150.000000 525.000000 -150.000000 -1.222012 0.100000
225.000000 525.000000 -150.000000 -1.106825 0.100000
300.000000 525.000000 -150.000000 -0.584578 0.100000
375.000000 525.000000 -150.000000 -0.361914 0.100000
450.000000 525.000000 -150.000000 -0.197197 0.100000
525.000000 525.000000 -150.000000 0.023436 0.100000
600.000000 525.000000 -150.000000 0.288280 0.100000
-600.000000 600.000000 -150.000000 0.010032 0.100000
-525.000000 600.000000 -150.000000 -0.133259 0.100000
-450.000000 600.000000 -150.000000 -0.156606 0.100000
-375.000000 600.000000 -150.000000 -0.325163 0.100000
-300.000000 600.000000 -150.000000 -0.634017 0.100000
-225.000000 600.000000 -150.000000 -0.719232 0.100000
-150.000000 600.000000 -150.000000 -1.152139 0.100000
-75.000000 600.000000 -150.000000 -1.240064 0.100000
0.000000 600.000000 -150.000000 -1.270085 0.100000
75.000000 600.000000 -150.000000 -1.287170 0.100000
150.000000 600.000000 -150.000000 -0.913164 0.100000
225.000000 600.000000 -150.000000 -0.896319 0.100000
300.000000 600.000000 -150.000000 -0.788517 0.100000
375.000000 600.000000 -150.000000 -0.212898 0.100000
450.000000 600.000000 -150.000000 -0.084514 0.100000
525.000000 600.000000 -150.000000 0.181949 0.100000
600.000000 600.000000 -150.000000 0.009167 0.100000
