-600.000000 -600.000000 -150.000000 0.660718 0.100000
-525.000000 -600.000000 -150.000000 0.653947 0.100000
-450.000000 -600.000000 -150.000000 0.817399 0.100000
-375.000000 -600.000000 -150.000000 0.837090 0.100000
-300.000000 -600.000000 -150.000000 0.883847 0.100000
-225.000000 -600.000000 -150.000000 0.670374 0.100000
-150.000000 -600.000000 -150.000000 0.606614 0.100000
-75.000000 -600.000000 -150.000000 0.265399 0.100000
0.000000 -600.000000 -150.000000 -0.018519 0.100000
75.000000 -600.000000 -150.000000 -0.332202 0.100000
150.000000 -600.000000 -150.000000 -0.493988 0.100000
225.000000 -600.000000 -150.000000 -0.621157 0.100000
300.000000 -600.000000 -150.000000 -0.710010 0.100000
375.000000 -600.000000 -150.000000 -0.815507 0.100000
450.000000 -600.000000 -150.000000 -0.838298 0.100000
525.000000 -600.000000 -150.000000 -0.919632 0.100000
600.000000 -600.000000 -150.000000 -0.791107 0.100000
-600.000000 -525.000000 -150.000000 1.010361 0.100000
-525.000000 -525.000000 -150.000000 1.106426 0.100000
-450.000000 -525.000000 -150.000000 0.924907 0.100000
-375.000000 -525.000000 -150.000000 1.064632 0.100000
-300.000000 -525.000000 -150.000000 1.179925 0.100000
-225.000000 -525.000000 -150.000000 1.078238 0.100000
-150.000000 -525.000000 -150.000000 0.669793 0.100000
-75.000000 -525.000000 -150.000000 0.572011 0.100000
0.000000 -525.000000 -150.000000 0.071784 0.100000
75.000000 -525.000000 -150.000000 -0.401055 0.100000
150.000000 -525.000000 -150.000000 -0.594741 0.100000
225.000000 -525.000000 -150.000000 -0.910798 0.100000
300.000000 -525.000000 -150.000000 -1.032716 0.100000
375.000000 -525.000000 -150.000000 -1.015180 0.100000
450.000000 -525.000000 -150.000000 -0.975970 0.100000
525.000000 -525.000000 -150.000000 -0.832653 0.100000
600.000000 -525.000000 -150.000000 -0.551677 0.100000
-600.000000 -450.000000 -150.000000 0.751060 0.100000
-525.000000 -450.000000 -150.000000 0.866326 0.100000
-450.000000 -450.000000 -150.000000 1.236270 0.100000
-375.000000 -450.000000 -150.000000 1.425075 0.100000
-300.000000 -450.000000 -150.000000 1.214362 0.100000
-225.000000 -450.000000 -150.000000 0.961011 0.100000
-150.000000 -450.000000 -150.000000 0.723661 0.100000
-75.000000 -450.000000 -150.000000 0.369345 0.100000
0.000000 -450.000000 -150.000000 0.064314 0.100000
75.000000 -450.000000 -150.000000 -0.519184 0.100000
150.000000 -450.000000 -150.000000 -0.940897 0.100000
225.000000 -450.000000 -150.000000 -1.108087 0.100000
300.000000 -450.000000 -150.000000 -1.041044 0.100000
375.000000 -450.000000 -150.000000 -1.065889 0.100000
450.000000 -450.000000 -150.000000 -1.056261 0.100000
525.000000 -450.000000 -150.000000 -0.937341 0.100000
600.000000 -450.000000 -150.000000 -0.786036 0.100000
-600.000000 -375.000000 -150.000000 0.939712 0.100000
-525.000000 -375.000000 -150.000000 0.841761 0.100000
-450.000000 -375.000000 -150.000000 1.159632 0.100000
-375.000000 -375.000000 -150.000000 1.539279 0.100000
-300.000000 -375.000000 -150.000000 1.548096 0.100000
-225.000000 -375.000000 -150.000000 1.373778 0.100000
-150.000000 -375.000000 -150.000000 1.022092 0.100000
-75.000000 -375.000000 -150.000000 0.650313 0.100000
0.000000 -375.000000 -150.000000 0.095251 0.100000
75.000000 -375.000000 -150.000000 -0.560011 0.100000
150.000000 -375.000000 -150.000000 -1.043876 0.100000
225.000000 -375.000000 -150.000000 -1.324318 0.100000
300.000000 -375.000000 -150.000000 -1.372518 0.100000
375.000000 -375.000000 -150.000000 -1.472755 0.100000
450.000000 -375.000000 -150.000000 -1.270013 0.100000
525.000000 -375.000000 -150.000000 -1.044659 0.100000
600.000000 -375.000000 -150.000000 -0.932415 0.100000
-600.000000 -300.000000 -150.000000 0.965419 0.100000
-525.000000 -300.000000 -150.000000 0.975402 0.100000
-450.000000 -300.000000 -150.000000 1.287809 0.100000
-375.000000 -300.000000 -150.000000 1.419947 0.100000
-300.000000 -300.000000 -150.000000 1.593663 0.100000
-225.000000 -300.000000 -150.000000 1.489253 0.100000
-150.000000 -300.000000 -150.000000 1.150243 0.100000
-75.000000 -300.000000 -150.000000 0.857059 0.100000
0.000000 -300.000000 -150.000000 0.042786 0.100000
75.000000 -300.000000 -150.000000 -0.802000 0.100000
150.000000 -300.000000 -150.000000 -1.410454 0.100000
225.000000 -300.000000 -150.000000 -1.435485 0.100000
300.000000 -300.000000 -150.000000 -1.375984 0.100000
375.000000 -300.000000 -150.000000 -1.471011 0.100000
450.000000 -300.000000 -150.000000 -1.097036 0.100000
525.000000 -300.000000 -150.000000 -1.132102 0.100000
600.000000 -300.000000 -150.000000 -0.690436 0.100000
-600.000000 -225.000000 -150.000000 0.835485 0.100000
-525.000000 -225.000000 -150.000000 0.905425 0.100000
-450.000000 -225.000000 -150.000000 1.162543 0.100000
-375.000000 -225.000000 -150.000000 1.398630 0.100000
-300.000000 -225.000000 -150.000000 1.619437 0.100000
-225.000000 -225.000000 -150.000000 1.632729 0.100000
-150.000000 -225.000000 -150.000000 1.366369 0.100000
-75.000000 -225.000000 -150.000000 0.780040 0.100000
0.000000 -225.000000 -150.000000 0.023743 0.100000
75.000000 -225.000000 -150.000000 -0.862678 0.100000
150.000000 -225.000000 -150.000000 -1.490545 0.100000
225.000000 -225.000000 -150.000000 -1.575094 0.100000
300.000000 -225.000000 -150.000000 -1.614241 0.100000
375.000000 -225.000000 -150.000000 -1.413875 0.100000
450.000000 -225.000000 -150.000000 -1.195506 0.100000
525.000000 -225.000000 -150.000000 -1.074613 0.100000
600.000000 -225.000000 -150.000000 -0.621568 0.100000
-600.000000 -150.000000 -150.000000 0.558206 0.100000
-525.000000 -150.000000 -150.000000 0.719247 0.100000
-450.000000 -150.000000 -150.000000 1.098881 0.100000
-375.000000 -150.000000 -150.000000 1.002987 0.100000
-300.000000 -150.000000 -150.000000 1.354898 0.100000
-225.000000 -150.000000 -150.000000 1.303677 0.100000
-150.000000 -150.000000 -150.000000 1.210628 0.100000
-75.000000 -150.000000 -150.000000 0.682608 0.100000
0.000000 -150.000000 -150.000000 -0.041059 0.100000
75.000000 -150.000000 -150.000000 -0.823954 0.100000
150.000000 -150.000000 -150.000000 -1.103613 0.100000
225.000000 -150.000000 -150.000000 -1.237989 0.100000
300.000000 -150.000000 -150.000000 -1.520079 0.100000
375.000000 -150.000000 -150.000000 -1.060393 0.100000
450.000000 -150.000000 -150.000000 -0.810013 0.100000
525.000000 -150.000000 -150.000000 -0.612574 0.100000
600.000000 -150.000000 -150.000000 -0.395563 0.100000
-600.000000 -75.000000 -150.000000 0.236746 0.100000
-525.000000 -75.000000 -150.000000 0.455057 0.100000
-450.000000 -75.000000 -150.000000 0.531170 0.100000
-375.000000 -75.000000 -150.000000 0.519532 0.100000
-300.000000 -75.000000 -150.000000 0.685372 0.100000
-225.000000 -75.000000 -150.000000 0.879899 0.100000
-150.000000 -75.000000 -150.000000 0.741449 0.100000
-75.000000 -75.000000 -150.000000 0.449613 0.100000
0.000000 -75.000000 -150.000000 0.002688 0.100000
75.000000 -75.000000 -150.000000 -0.437414 0.100000
150.000000 -75.000000 -150.000000 -0.758221 0.100000
225.000000 -75.000000 -150.000000 -0.861274 0.100000
300.000000 -75.000000 -150.000000 -0.886096 0.100000
375.000000 -75.000000 -150.000000 -0.746905 0.100000
450.000000 -75.000000 -150.000000 -0.340269 0.100000
525.000000 -75.000000 -150.000000 -0.356599 0.100000
600.000000 -75.000000 -150.000000 -0.371986 0.100000
-600.000000 0.000000 -150.000000 0.093985 0.100000
-525.000000 0.000000 -150.000000 -0.129845 0.100000
-450.000000 0.000000 -150.000000 0.082773 0.100000
-375.000000 0.000000 -150.000000 0.023537 0.100000
-300.000000 0.000000 -150.000000 0.039840 0.100000
-225.000000 0.000000 -150.000000 0.096473 0.100000
-150.000000 0.000000 -150.000000 0.117236 0.100000
-75.000000 0.000000 -150.000000 0.045062 0.100000
0.000000 0.000000 -150.000000 -0.161232 0.100000
75.000000 0.000000 -150.000000 0.016092 0.100000
150.000000 0.000000 -150.000000 0.022916 0.100000
225.000000 0.000000 -150.000000 0.043273 0.100000
300.000000 0.000000 -150.000000 -0.058733 0.100000
375.000000 0.000000 -150.000000 0.186723 0.100000
450.000000 0.000000 -150.000000 0.051919 0.100000
525.000000 0.000000 -150.000000 -0.033397 0.100000
600.000000 0.000000 -150.000000 0.043923 0.100000
-600.000000 75.000000 -150.000000 -0.189625 0.100000
-525.000000 75.000000 -150.000000 -0.308759 0.100000
-450.000000 75.000000 -150.000000 -0.694295 0.100000
-375.000000 75.000000 -150.000000 -0.670726 0.100000
-300.000000 75.000000 -150.000000 -0.566305 0.100000
-225.000000 75.000000 -150.000000 -0.863985 0.100000
-150.000000 75.000000 -150.000000 -0.821078 0.100000
-75.000000 75.000000 -150.000000 -0.461674 0.100000
0.000000 75.000000 -150.000000 -0.113074 0.100000
75.000000 75.000000 -150.000000 0.473716 0.100000
150.000000 75.000000 -150.000000 0.732987 0.100000
225.000000 75.000000 -150.000000 0.890206 0.100000
300.000000 75.000000 -150.000000 0.826425 0.100000
375.000000 75.000000 -150.000000 0.384468 0.100000
450.000000 75.000000 -150.000000 0.496253 0.100000
525.000000 75.000000 -150.000000 0.391496 0.100000
600.000000 75.000000 -150.000000 0.221713 0.100000
-600.000000 150.000000 -150.000000 -0.748889 0.100000
-525.000000 150.000000 -150.000000 -0.509546 0.100000
-450.000000 150.000000 -150.000000 -0.804182 0.100000
-375.000000 150.000000 -150.000000 -1.017427 0.100000
-300.000000 150.000000 -150.000000 -1.118346 0.100000
-225.000000 150.000000 -150.000000 -1.463446 0.100000
-150.000000 150.000000 -150.000000 -1.111853 0.100000
-75.000000 150.000000 -150.000000 -0.676931 0.100000
0.000000 150.000000 -150.000000 -0.039875 0.100000
75.000000 150.000000 -150.000000 0.621181 0.100000
150.000000 150.000000 -150.000000 1.144219 0.100000
225.000000 150.000000 -150.000000 1.404436 0.100000
300.000000 150.000000 -150.000000 1.252933 0.100000
375.000000 150.000000 -150.000000 0.969831 0.100000
450.000000 150.000000 -150.000000 0.922578 0.100000
525.000000 150.000000 -150.000000 0.777059 0.100000
600.000000 150.000000 -150.000000 0.745087 0.100000
-600.000000 225.000000 -150.000000 -0.906388 0.100000
-525.000000 225.000000 -150.000000 -0.885319 0.100000
-450.000000 225.000000 -150.000000 -1.167778 0.100000
-375.000000 225.000000 -150.000000 -1.451748 0.100000
-300.000000 225.000000 -150.000000 -1.754860 0.100000
-225.000000 225.000000 -150.000000 -1.542437 0.100000
-150.000000 225.000000 -150.000000 -1.370843 0.100000
-75.000000 225.000000 -150.000000 -0.682248 0.100000
0.000000 225.000000 -150.000000 0.022624 0.100000
75.000000 225.000000 -150.000000 0.802144 0.100000
150.000000 225.000000 -150.000000 1.199941 0.100000
225.000000 225.000000 -150.000000 1.558856 0.100000
300.000000 225.000000 -150.000000 1.476382 0.100000
375.000000 225.000000 -150.000000 1.271252 0.100000
450.000000 225.000000 -150.000000 1.190487 0.100000
525.000000 225.000000 -150.000000 0.995865 0.100000
600.000000 225.000000 -150.000000 0.875632 0.100000
-600.000000 300.000000 -150.000000 -1.001763 0.100000
-525.000000 300.000000 -150.000000 -1.054550 0.100000
-450.000000 300.000000 -150.000000 -1.317056 0.100000
-375.000000 300.000000 -150.000000 -1.431347 0.100000
-300.000000 300.000000 -150.000000 -1.563564 0.100000
-225.000000 300.000000 -150.000000 -1.313309 0.100000
-150.000000 300.000000 -150.000000 -1.134246 0.100000
-75.000000 300.000000 -150.000000 -0.698334 0.100000
0.000000 300.000000 -150.000000 -0.014596 0.100000
75.000000 300.000000 -150.000000 0.712740 0.100000
150.000000 300.000000 -150.000000 1.321850 0.100000
225.000000 300.000000 -150.000000 1.554667 0.100000
300.000000 300.000000 -150.000000 1.682103 0.100000
375.000000 300.000000 -150.000000 1.463742 0.100000
450.000000 300.000000 -150.000000 1.104941 0.100000
525.000000 300.000000 -150.000000 1.189843 0.100000
600.000000 300.000000 -150.000000 0.864367 0.100000
-600.000000 375.000000 -150.000000 -0.759374 0.100000
-525.000000 375.000000 -150.000000 -0.992662 0.100000
-450.000000 375.000000 -150.000000 -1.298513 0.100000
-375.000000 375.000000 -150.000000 -1.216902 0.100000
-300.000000 375.000000 -150.000000 -1.615690 0.100000
-225.000000 375.000000 -150.000000 -1.425011 0.100000
-150.000000 375.000000 -150.000000 -1.063655 0.100000
-75.000000 375.000000 -150.000000 -0.559737 0.100000
0.000000 375.000000 -150.000000 0.119574 0.100000
75.000000 375.000000 -150.000000 0.640968 0.100000
150.000000 375.000000 -150.000000 1.087655 0.100000
225.000000 375.000000 -150.000000 1.444537 0.100000
300.000000 375.000000 -150.000000 1.460065 0.100000
375.000000 375.000000 -150.000000 1.381989 0.100000
450.000000 375.000000 -150.000000 1.341845 0.100000
525.000000 375.000000 -150.000000 1.136967 0.100000
600.000000 375.000000 -150.000000 0.773432 0.100000
-600.000000 450.000000 -150.000000 -0.732930 0.100000
-525.000000 450.000000 -150.000000 -0.924977 0.100000
-450.000000 450.000000 -150.000000 -1.117450 0.100000
-375.000000 450.000000 -150.000000 -1.215417 0.100000
-300.000000 450.000000 -150.000000 -1.237769 0.100000
-225.000000 450.000000 -150.000000 -1.257080 0.100000
-150.000000 450.000000 -150.000000 -1.100049 0.100000
-75.000000 450.000000 -150.000000 -0.398889 0.100000
0.000000 450.000000 -150.000000 -0.068670 0.100000
75.000000 450.000000 -150.000000 0.510230 0.100000
150.000000 450.000000 -150.000000 0.953557 0.100000
225.000000 450.000000 -150.000000 1.156589 0.100000
300.000000 450.000000 -150.000000 1.353783 0.100000
375.000000 450.000000 -150.000000 1.325717 0.100000
450.000000 450.000000 -150.000000 1.172592 0.100000
525.000000 450.000000 -150.000000 0.959051 0.100000
600.000000 450.000000 -150.000000 0.754508 0.100000
-600.000000 525.000000 -150.000000 -0.784341 0.100000
-525.000000 525.000000 -150.000000 -1.050210 0.100000
-450.000000 525.000000 -150.000000 -1.017955 0.100000
-375.000000 525.000000 -150.000000 -1.099794 0.100000
-300.000000 525.000000 -150.000000 -0.886951 0.100000
-225.000000 525.000000 -150.000000 -0.897870 0.100000
-150.000000 525.000000 -150.000000 -0.691356 0.100000
-75.000000 525.000000 -150.000000 -0.356699 0.100000
0.000000 525.000000 -150.000000 -0.088089 0.100000
75.000000 525.000000 -150.000000 0.316510 0.100000
150.000000 525.000000 -150.000000 0.887128 0.100000
225.000000 525.000000 -150.000000 0.909334 0.100000
300.000000 525.000000 -150.000000 1.143794 0.100000
375.000000 525.000000 -150.000000 1.222086 0.100000
450.000000 525.000000 -150.000000 0.863927 0.100000
525.000000 525.000000 -150.000000 0.791843 0.100000
600.000000 525.000000 -150.000000 0.808467 0.100000
-600.000000 600.000000 -150.000000 -0.628311 0.100000
-525.000000 600.000000 -150.000000 -0.727468 0.100000
-450.000000 600.000000 -150.000000 -0.684382 0.100000
-375.000000 600.000000 -150.000000 -0.718676 0.100000
-300.000000 600.000000 -150.000000 -0.579275 0.100000
-225.000000 600.000000 -150.000000 -0.756465 0.100000
-150.000000 600.000000 -150.000000 -0.366906 0.100000
-75.000000 600.000000 -150.000000 -0.188201 0.100000
0.000000 600.000000 -150.000000 -0.043829 0.100000
75.000000 600.000000 -150.000000 0.341597 0.100000
150.000000 600.000000 -150.000000 0.651203 0.100000
225.000000 600.000000 -150.000000 0.797874 0.100000
300.000000 600.000000 -150.000000 0.947635 0.100000
375.000000 600.000000 -150.000000 0.966811 0.100000
450.000000 600.000000 -150.000000 0.899863 0.100000
525.000000 600.000000 -150.000000 0.771937 0.100000
600.000000 600.000000 -150.000000 0.761225 0.100000
