-600.000000 -600.000000 -150.000000 0.562652 0.100000
-525.000000 -600.000000 -150.000000 0.484481 0.100000
-450.000000 -600.000000 -150.000000 0.799161 0.100000
-375.000000 -600.000000 -150.000000 0.796460 0.100000
-300.000000 -600.000000 -150.000000 0.619898 0.100000
-225.000000 -600.000000 -150.000000 0.602301 0.100000
-150.000000 -600.000000 -150.000000 0.391000 0.100000
-75.000000 -600.000000 -150.000000 0.160605 0.100000
0.000000 -600.000000 -150.000000 0.068195 0.100000
75.000000 -600.000000 -150.000000 -0.313477 0.100000
150.000000 -600.000000 -150.000000 -0.344223 0.100000
225.000000 -600.000000 -150.000000 -0.662495 0.100000
300.000000 -600.000000 -150.000000 -0.613294 0.100000
375.000000 -600.000000 -150.000000 -0.489428 0.100000
450.000000 -600.000000 -150.000000 -0.605176 0.100000
525.000000 -600.000000 -150.000000 -0.624344 0.100000
600.000000 -600.000000 -150.000000 -0.640918 0.100000
-600.000000 -525.000000 -150.000000 0.845257 0.100000
-525.000000 -525.000000 -150.000000 0.752994 0.100000
-450.000000 -525.000000 -150.000000 0.795258 0.100000
-375.000000 -525.000000 -150.000000 0.738598 0.100000
-300.000000 -525.000000 -150.000000 1.076328 0.100000
-225.000000 -525.000000 -150.000000 0.935282 0.100000
-150.000000 -525.000000 -150.000000 0.597482 0.100000
-75.000000 -525.000000 -150.000000 0.417790 0.100000
0.000000 -525.000000 -150.000000 0.045720 0.100000
75.000000 -525.000000 -150.000000 -0.349071 0.100000
150.000000 -525.000000 -150.000000 -0.695975 0.100000
225.000000 -525.000000 -150.000000 -0.879621 0.100000
300.000000 -525.000000 -150.000000 -0.889252 0.100000
375.000000 -525.000000 -150.000000 -0.739860 0.100000
450.000000 -525.000000 -150.000000 -0.842839 0.100000
525.000000 -525.000000 -150.000000 -0.699633 0.100000
600.000000 -525.000000 -150.000000 -0.500447 0.100000
-600.000000 -450.000000 -150.000000 0.705662 0.100000
-525.000000 -450.000000 -150.000000 0.928443 0.100000
-450.000000 -450.000000 -150.000000 1.192118 0.100000
-375.000000 -450.000000 -150.000000 1.246194 0.100000
-300.000000 -450.000000 -150.000000 1.266234 0.100000
-225.000000 -450.000000 -150.000000 1.032253 0.100000
-150.000000 -450.000000 -150.000000 0.900214 0.100000
-75.000000 -450.000000 -150.000000 0.496399 0.100000
0.000000 -450.000000 -150.000000 0.037658 0.100000
75.000000 -450.000000 -150.000000 -0.414419 0.100000
150.000000 -450.000000 -150.000000 -0.786232 0.100000
225.000000 -450.000000 -150.000000 -1.252157 0.100000
300.000000 -450.000000 -150.000000 -1.377684 0.100000
375.000000 -450.000000 -150.000000 -1.172318 0.100000
450.000000 -450.000000 -150.000000 -1.198206 0.100000
525.000000 -450.000000 -150.000000 -1.173249 0.100000
600.000000 -450.000000 -150.000000 -1.027698 0.100000
-600.000000 -375.000000 -150.000000 0.991128 0.100000
-525.000000 -375.000000 -150.000000 1.244592 0.100000
-450.000000 -375.000000 -150.000000 1.536663 0.100000
-375.000000 -375.000000 -150.000000 1.607641 0.100000
-300.000000 -375.000000 -150.000000 1.877040 0.100000
-225.000000 -375.000000 -150.000000 1.824130 0.100000
-150.000000 -375.000000 -150.000000 1.363648 0.100000
-75.000000 -375.000000 -150.000000 0.891094 0.100000
0.000000 -375.000000 -150.000000 0.169102 0.100000
75.000000 -375.000000 -150.000000 -0.762801 0.100000
150.000000 -375.000000 -150.000000 -1.249397 0.100000
225.000000 -375.000000 -150.000000 -1.738530 0.100000
300.000000 -375.000000 -150.000000 -1.900388 0.100000
375.000000 -375.000000 -150.000000 -1.621796 0.100000
450.000000 -375.000000 -150.000000 -1.463346 0.100000
525.000000 -375.000000 -150.000000 -1.219400 0.100000
600.000000 -375.000000 -150.000000 -1.098076 0.100000
-600.000000 -300.000000 -150.000000 1.387637 0.100000
-525.000000 -300.000000 -150.000000 1.528747 0.100000
-450.000000 -300.000000 -150.000000 1.985134 0.100000
-375.000000 -300.000000 -150.000000 1.983852 0.100000
-300.000000 -300.000000 -150.000000 2.369813 0.100000
-225.000000 -300.000000 -150.000000 2.468350 0.100000
-150.000000 -300.000000 -150.000000 1.979227 0.100000
-75.000000 -300.000000 -150.000000 1.000608 0.100000
0.000000 -300.000000 -150.000000 0.027850 0.100000
75.000000 -300.000000 -150.000000 -1.053329 0.100000
150.000000 -300.000000 -150.000000 -1.920569 0.100000
225.000000 -300.000000 -150.000000 -2.336811 0.100000
300.000000 -300.000000 -150.000000 -2.454727 0.100000
375.000000 -300.000000 -150.000000 -2.163627 0.100000
450.000000 -300.000000 -150.000000 -1.839388 0.100000
525.000000 -300.000000 -150.000000 -1.421764 0.100000
600.000000 -300.000000 -150.000000 -1.230933 0.100000
-600.000000 -225.000000 -150.000000 1.648372 0.100000
-525.000000 -225.000000 -150.000000 1.808980 0.100000
-450.000000 -225.000000 -150.000000 2.404443 0.100000
-375.000000 -225.000000 -150.000000 2.665457 0.100000
-300.000000 -225.000000 -150.000000 3.278940 0.100000
-225.000000 -225.000000 -150.000000 3.186502 0.100000
-150.000000 -225.000000 -150.000000 2.493166 0.100000
-75.000000 -225.000000 -150.000000 1.717119 0.100000
0.000000 -225.000000 -150.000000 -0.027958 0.100000
75.000000 -225.000000 -150.000000 -1.591836 0.100000
150.000000 -225.000000 -150.000000 -2.645526 0.100000
225.000000 -225.000000 -150.000000 -3.123015 0.100000
300.000000 -225.000000 -150.000000 -3.185894 0.100000
375.000000 -225.000000 -150.000000 -2.869324 0.100000
450.000000 -225.000000 -150.000000 -2.281779 0.100000
525.000000 -225.000000 -150.000000 -1.781305 0.100000
600.000000 -225.000000 -150.000000 -1.597178 0.100000
-600.000000 -150.000000 -150.000000 1.693775 0.100000
-525.000000 -150.000000 -150.000000 2.108271 0.100000
-450.000000 -150.000000 -150.000000 2.773451 0.100000
-375.000000 -150.000000 -150.000000 3.276113 0.100000
-300.000000 -150.000000 -150.000000 3.755287 0.100000
-225.000000 -150.000000 -150.000000 4.138616 0.100000
-150.000000 -150.000000 -150.000000 3.548479 0.100000
-75.000000 -150.000000 -150.000000 1.994857 0.100000
0.000000 -150.000000 -150.000000 0.096886 0.100000
75.000000 -150.000000 -150.000000 -2.250760 0.100000
150.000000 -150.000000 -150.000000 -3.312827 0.100000
225.000000 -150.000000 -150.000000 -4.037027 0.100000
300.000000 -150.000000 -150.000000 -3.856358 0.100000
375.000000 -150.000000 -150.000000 -3.480470 0.100000
450.000000 -150.000000 -150.000000 -2.676359 0.100000
525.000000 -150.000000 -150.000000 -2.198974 0.100000
600.000000 -150.000000 -150.000000 -1.925763 0.100000
-600.000000 -75.000000 -150.000000 1.795325 0.100000
-525.000000 -75.000000 -150.000000 2.169706 0.100000
-450.000000 -75.000000 -150.000000 2.874551 0.100000
-375.000000 -75.000000 -150.000000 3.752160 0.100000
-300.000000 -75.000000 -150.000000 4.358380 0.100000
-225.000000 -75.000000 -150.000000 4.659720 0.100000
-150.000000 -75.000000 -150.000000 4.248066 0.100000
-75.000000 -75.000000 -150.000000 2.374459 0.100000
0.000000 -75.000000 -150.000000 -0.016291 0.100000
75.000000 -75.000000 -150.000000 -2.605412 0.100000
150.000000 -75.000000 -150.000000 -4.152360 0.100000
225.000000 -75.000000 -150.000000 -4.931941 0.100000
300.000000 -75.000000 -150.000000 -4.464238 0.100000
375.000000 -75.000000 -150.000000 -3.819606 0.100000
450.000000 -75.000000 -150.000000 -3.000583 0.100000
525.000000 -75.000000 -150.000000 -2.347201 0.100000
600.000000 -75.000000 -150.000000 -1.794370 0.100000
-600.000000 0.000000 -150.000000 1.788341 0.100000
-525.000000 0.000000 -150.000000 2.309017 0.100000
-450.000000 0.000000 -150.000000 3.132162 0.100000
-375.000000 0.000000 -150.000000 3.817357 0.100000
-300.000000 0.000000 -150.000000 4.610917 0.100000
-225.000000 0.000000 -150.000000 4.958765 0.100000
-150.000000 0.000000 -150.000000 4.408850 0.100000
-75.000000 0.000000 -150.000000 2.620697 0.100000
0.000000 0.000000 -150.000000 -0.126286 0.100000
75.000000 0.000000 -150.000000 -2.736404 0.100000
150.000000 0.000000 -150.000000 -4.381806 0.100000
225.000000 0.000000 -150.000000 -5.028857 0.100000
300.000000 0.000000 -150.000000 -4.795717 0.100000
375.000000 0.000000 -150.000000 -3.887079 0.100000
450.000000 0.000000 -150.000000 -3.085182 0.100000
525.000000 0.000000 -150.000000 -2.411234 0.100000
600.000000 0.000000 -150.000000 -1.775109 0.100000
-600.000000 75.000000 -150.000000 1.893371 0.100000
-525.000000 75.000000 -150.000000 2.311775 0.100000
-450.000000 75.000000 -150.000000 3.017013 0.100000
-375.000000 75.000000 -150.000000 3.816429 0.100000
-300.000000 75.000000 -150.000000 4.455013 0.100000
-225.000000 75.000000 -150.000000 4.800332 0.100000
-150.000000 75.000000 -150.000000 4.130932 0.100000
-75.000000 75.000000 -150.000000 2.484092 0.100000
0.000000 75.000000 -150.000000 -0.059164 0.100000
75.000000 75.000000 -150.000000 -2.631880 0.100000
150.000000 75.000000 -150.000000 -4.203008 0.100000
225.000000 75.000000 -150.000000 -4.799343 0.100000
300.000000 75.000000 -150.000000 -4.577417 0.100000
375.000000 75.000000 -150.000000 -3.854595 0.100000
450.000000 75.000000 -150.000000 -3.120966 0.100000
525.000000 75.000000 -150.000000 -2.389626 0.100000
600.000000 75.000000 -150.000000 -1.803949 0.100000
-600.000000 150.000000 -150.000000 1.644111 0.100000
-525.000000 150.000000 -150.000000 2.193738 0.100000
-450.000000 150.000000 -150.000000 2.714951 0.100000
-375.000000 150.000000 -150.000000 3.556539 0.100000
-300.000000 150.000000 -150.000000 3.897401 0.100000
-225.000000 150.000000 -150.000000 4.082909 0.100000
-150.000000 150.000000 -150.000000 3.487112 0.100000
-75.000000 150.000000 -150.000000 2.119527 0.100000
0.000000 150.000000 -150.000000 -0.067449 0.100000
75.000000 150.000000 -150.000000 -2.089180 0.100000
150.000000 150.000000 -150.000000 -3.657019 0.100000
225.000000 150.000000 -150.000000 -3.849131 0.100000
300.000000 150.000000 -150.000000 -3.935090 0.100000
375.000000 150.000000 -150.000000 -3.332588 0.100000
450.000000 150.000000 -150.000000 -2.761603 0.100000
525.000000 150.000000 -150.000000 -2.112006 0.100000
600.000000 150.000000 -150.000000 -1.673819 0.100000
-600.000000 225.000000 -150.000000 1.527984 0.100000
-525.000000 225.000000 -150.000000 1.890983 0.100000
-450.000000 225.000000 -150.000000 2.260930 0.100000
-375.000000 225.000000 -150.000000 2.719058 0.100000
-300.000000 225.000000 -150.000000 3.067464 0.100000
-225.000000 225.000000 -150.000000 3.192138 0.100000
-150.000000 225.000000 -150.000000 2.822502 0.100000
-75.000000 225.000000 -150.000000 1.393731 0.100000
0.000000 225.000000 -150.000000 -0.054639 0.100000
75.000000 225.000000 -150.000000 -1.667797 0.100000
150.000000 225.000000 -150.000000 -2.739841 0.100000
225.000000 225.000000 -150.000000 -3.227805 0.100000
300.000000 225.000000 -150.000000 -3.187083 0.100000
375.000000 225.000000 -150.000000 -2.968459 0.100000
450.000000 225.000000 -150.000000 -2.339170 0.100000
525.000000 225.000000 -150.000000 -1.874064 0.100000
600.000000 225.000000 -150.000000 -1.303941 0.100000
-600.000000 300.000000 -150.000000 1.238153 0.100000
-525.000000 300.000000 -150.000000 1.713453 0.100000
-450.000000 300.000000 -150.000000 1.834982 0.100000
-375.000000 300.000000 -150.000000 2.265341 0.100000
-300.000000 300.000000 -150.000000 2.464750 0.100000
-225.000000 300.000000 -150.000000 2.324504 0.100000
-150.000000 300.000000 -150.000000 1.968149 0.100000
-75.000000 300.000000 -150.000000 1.242510 0.100000
0.000000 300.000000 -150.000000 0.054011 0.100000
75.000000 300.000000 -150.000000 -1.100942 0.100000
150.000000 300.000000 -150.000000 -1.812725 0.100000
225.000000 300.000000 -150.000000 -2.247644 0.100000
300.000000 300.000000 -150.000000 -2.288094 0.100000
375.000000 300.000000 -150.000000 -2.123630 0.100000
450.000000 300.000000 -150.000000 -1.955393 0.100000
525.000000 300.000000 -150.000000 -1.633367 0.100000
600.000000 300.000000 -150.000000 -1.437234 0.100000
-600.000000 375.000000 -150.000000 1.089814 0.100000
-525.000000 375.000000 -150.000000 1.372990 0.100000
-450.000000 375.000000 -150.000000 1.411242 0.100000
-375.000000 375.000000 -150.000000 1.769985 0.100000
-300.000000 375.000000 -150.000000 1.875889 0.100000
-225.000000 375.000000 -150.000000 1.434725 0.100000
-150.000000 375.000000 -150.000000 1.456429 0.100000
-75.000000 375.000000 -150.000000 0.817196 0.100000
0.000000 375.000000 -150.000000 0.040311 0.100000
75.000000 375.000000 -150.000000 -0.624044 0.100000
150.000000 375.000000 -150.000000 -1.370099 0.100000
225.000000 375.000000 -150.000000 -1.656525 0.100000
300.000000 375.000000 -150.000000 -1.868965 0.100000
375.000000 375.000000 -150.000000 -1.625840 0.100000
450.000000 375.000000 -150.000000 -1.484063 0.100000
525.000000 375.000000 -150.000000 -1.175895 0.100000
600.000000 375.000000 -150.000000 -0.884814 0.100000
-600.000000 450.000000 -150.000000 0.749230 0.100000
-525.000000 450.000000 -150.000000 1.009082 0.100000
-450.000000 450.000000 -150.000000 1.117584 0.100000
-375.000000 450.000000 -150.000000 1.268033 0.100000
-300.000000 450.000000 -150.000000 1.332913 0.100000
-225.000000 450.000000 -150.000000 1.014189 0.100000
-150.000000 450.000000 -150.000000 1.007966 0.100000
-75.000000 450.000000 -150.000000 0.412468 0.100000
0.000000 450.000000 -150.000000 0.043954 0.100000
75.000000 450.000000 -150.000000 -0.416016 0.100000
150.000000 450.000000 -150.000000 -0.977812 0.100000
225.000000 450.000000 -150.000000 -1.308148 0.100000
300.000000 450.000000 -150.000000 -1.248052 0.100000
375.000000 450.000000 -150.000000 -1.194576 0.100000
450.000000 450.000000 -150.000000 -1.245665 0.100000
525.000000 450.000000 -150.000000 -0.859339 0.100000
600.000000 450.000000 -150.000000 -0.631466 0.100000
-600.000000 525.000000 -150.000000 0.700149 0.100000
-525.000000 525.000000 -150.000000 0.792813 0.100000
-450.000000 525.000000 -150.000000 0.903018 0.100000
-375.000000 525.000000 -150.000000 1.061120 0.100000
-300.000000 525.000000 -150.000000 0.942507 0.100000
-225.000000 525.000000 -150.000000 0.672447 0.100000
-150.000000 525.000000 -150.000000 0.697714 0.100000
-75.000000 525.000000 -150.000000 0.239505 0.100000
0.000000 525.000000 -150.000000 -0.039185 0.100000
75.000000 525.000000 -150.000000 -0.291333 0.100000
150.000000 525.000000 -150.000000 -0.676600 0.100000
225.000000 525.000000 -150.000000 -0.734595 0.100000
300.000000 525.000000 -150.000000 -0.761154 0.100000
375.000000 525.000000 -150.000000 -0.674652 0.100000
450.000000 525.000000 -150.000000 -1.008239 0.100000
525.000000 525.000000 -150.000000 -0.707823 0.100000
600.000000 525.000000 -150.000000 -0.745258 0.100000
-600.000000 600.000000 -150.000000 0.641433 0.100000
-525.000000 600.000000 -150.000000 0.694949 0.100000
-450.000000 600.000000 -150.000000 0.731264 0.100000
-375.000000 600.000000 -150.000000 0.538901 0.100000
-300.000000 600.000000 -150.000000 0.675562 0.100000
-225.000000 600.000000 -150.000000 0.638363 0.100000
-150.000000 600.000000 -150.000000 0.434737 0.100000
-75.000000 600.000000 -150.000000 0.363293 0.100000
0.000000 600.000000 -150.000000 0.025206 0.100000
75.000000 600.000000 -150.000000 -0.310901 0.100000
150.000000 600.000000 -150.000000 -0.351488 0.100000
225.000000 600.000000 -150.000000 -0.549773 0.100000
300.000000 600.000000 -150.000000 -0.549248 0.100000
375.000000 600.000000 -150.000000 -0.634536 0.100000
450.000000 600.000000 -150.000000 -0.612702 0.100000
525.000000 600.000000 -150.000000 -0.640167 0.100000
600.000000 600.000000 -150.000000 -0.633417 0.100000
