-600.000000 -600.000000 -150.000000 0.086811 0.100000
-525.000000 -600.000000 -150.000000 0.150600 0.100000
-450.000000 -600.000000 -150.000000 0.294732 0.100000
-375.000000 -600.000000 -150.000000 0.436598 0.100000
-300.000000 -600.000000 -150.000000 0.703702 0.100000
-225.000000 -600.000000 -150.000000 0.858995 0.100000
-150.000000 -600.000000 -150.000000 0.926461 0.100000
-75.000000 -600.000000 -150.000000 1.048677 0.100000
0.000000 -600.000000 -150.000000 1.065390 0.100000
75.000000 -600.000000 -150.000000 1.285267 0.100000
150.000000 -600.000000 -150.000000 1.191637 0.100000
225.000000 -600.000000 -150.000000 0.709782 0.100000
300.000000 -600.000000 -150.000000 0.592231 0.100000
375.000000 -600.000000 -150.000000 0.511052 0.100000
450.000000 -600.000000 -150.000000 0.299391 0.100000
525.000000 -600.000000 -150.000000 0.295032 0.100000
600.000000 -600.000000 -150.000000 0.264077 0.100000
-600.000000 -525.000000 -150.000000 0.064839 0.100000
-525.000000 -525.000000 -150.000000 -0.011273 0.100000
-450.000000 -525.000000 -150.000000 0.256745 0.100000
-375.000000 -525.000000 -150.000000 0.371137 0.100000
-300.000000 -525.000000 -150.000000 0.761588 0.100000
-225.000000 -525.000000 -150.000000 0.746252 0.100000
-150.000000 -525.000000 -150.000000 0.924126 0.100000
-75.000000 -525.000000 -150.000000 1.215179 0.100000
0.000000 -525.000000 -150.000000 1.090976 0.100000
75.000000 -525.000000 -150.000000 1.142788 0.100000
150.000000 -525.000000 -150.000000 1.239676 0.100000
225.000000 -525.000000 -150.000000 0.738114 0.100000
300.000000 -525.000000 -150.000000 0.496772 0.100000
375.000000 -525.000000 -150.000000 0.475687 0.100000
450.000000 -525.000000 -150.000000 0.147763 0.100000
525.000000 -525.000000 -150.000000 0.121436 0.100000
600.000000 -525.000000 -150.000000 -0.041189 0.100000
-600.000000 -450.000000 -150.000000 -0.270432 0.100000
-525.000000 -450.000000 -150.000000 -0.278993 0.100000
-450.000000 -450.000000 -150.000000 0.220924 0.100000
-375.000000 -450.000000 -150.000000 0.142556 0.100000
-300.000000 -450.000000 -150.000000 0.299527 0.100000
-225.000000 -450.000000 -150.000000 0.629862 0.100000
-150.000000 -450.000000 -150.000000 0.925379 0.100000
-75.000000 -450.000000 -150.000000 0.948040 0.100000
0.000000 -450.000000 -150.000000 0.946517 0.100000
75.000000 -450.000000 -150.000000 1.052492 0.100000
150.000000 -450.000000 -150.000000 0.760856 0.100000
225.000000 -450.000000 -150.000000 0.549334 0.100000
300.000000 -450.000000 -150.000000 0.390168 0.100000
375.000000 -450.000000 -150.000000 0.362176 0.100000
450.000000 -450.000000 -150.000000 0.004671 0.100000
525.000000 -450.000000 -150.000000 -0.109565 0.100000
600.000000 -450.000000 -150.000000 0.065768 0.100000
-600.000000 -375.000000 -150.000000 -0.255370 0.100000
-525.000000 -375.000000 -150.000000 -0.341260 0.100000
-450.000000 -375.000000 -150.000000 -0.313301 0.100000
-375.000000 -375.000000 -150.000000 -0.427630 0.100000
-300.000000 -375.000000 -150.000000 -0.259145 0.100000
-225.000000 -375.000000 -150.000000 0.085640 0.100000
-150.000000 -375.000000 -150.000000 0.410300 0.100000
-75.000000 -375.000000 -150.000000 0.561522 0.100000
0.000000 -375.000000 -150.000000 0.708188 0.100000
75.000000 -375.000000 -150.000000 0.427472 0.100000
150.000000 -375.000000 -150.000000 0.483286 0.100000
225.000000 -375.000000 -150.000000 -0.002921 0.100000
300.000000 -375.000000 -150.000000 -0.017673 0.100000
375.000000 -375.000000 -150.000000 -0.323269 0.100000
450.000000 -375.000000 -150.000000 -0.382546 0.100000
525.000000 -375.000000 -150.000000 -0.173221 0.100000
600.000000 -375.000000 -150.000000 -0.278377 0.100000
-600.000000 -300.000000 -150.000000 -0.519941 0.100000
-525.000000 -300.000000 -150.000000 -0.738366 0.100000
-450.000000 -300.000000 -150.000000 -0.600265 0.100000
-375.000000 -300.000000 -150.000000 -0.753036 0.100000
-300.000000 -300.000000 -150.000000 -0.670635 0.100000
-225.000000 -300.000000 -150.000000 -0.563132 0.100000
-150.000000 -300.000000 -150.000000 -0.433472 0.100000
-75.000000 -300.000000 -150.000000 -0.363109 0.100000
0.000000 -300.000000 -150.000000 -0.456839 0.100000
75.000000 -300.000000 -150.000000 -0.487674 0.100000
150.000000 -300.000000 -150.000000 -0.492432 0.100000
225.000000 -300.000000 -150.000000 -0.634459 0.100000
300.000000 -300.000000 -150.000000 -0.569742 0.100000
375.000000 -300.000000 -150.000000 -0.650527 0.100000
450.000000 -300.000000 -150.000000 -0.745554 0.100000
525.000000 -300.000000 -150.000000 -0.441421 0.100000
600.000000 -300.000000 -150.000000 -0.763533 0.100000
-600.000000 -225.000000 -150.000000 -0.894894 0.100000
-525.000000 -225.000000 -150.000000 -1.039859 0.100000
-450.000000 -225.000000 -150.000000 -1.043999 0.100000
-375.000000 -225.000000 -150.000000 -1.380989 0.100000
-300.000000 -225.000000 -150.000000 -1.462096 0.100000
-225.000000 -225.000000 -150.000000 -1.356069 0.100000
-150.000000 -225.000000 -150.000000 -1.719522 0.100000
-75.000000 -225.000000 -150.000000 -1.668345 0.100000
0.000000 -225.000000 -150.000000 -1.759643 0.100000
75.000000 -225.000000 -150.000000 -1.681407 0.100000
150.000000 -225.000000 -150.000000 -1.712866 0.100000
225.000000 -225.000000 -150.000000 -1.728562 0.100000
300.000000 -225.000000 -150.000000 -1.638804 0.100000
375.000000 -225.000000 -150.000000 -1.244794 0.100000
450.000000 -225.000000 -150.000000 -1.077605 0.100000
525.000000 -225.000000 -150.000000 -1.091166 0.100000
600.000000 -225.000000 -150.000000 -0.876474 0.100000
-600.000000 -150.000000 -150.000000 -1.214896 0.100000
-525.000000 -150.000000 -150.000000 -1.321578 0.100000
-450.000000 -150.000000 -150.000000 -1.414385 0.100000
-375.000000 -150.000000 -150.000000 -1.992369 0.100000
-300.000000 -150.000000 -150.000000 -2.164366 0.100000
-225.000000 -150.000000 -150.000000 -2.949756 0.100000
-150.000000 -150.000000 -150.000000 -3.316957 0.100000
-75.000000 -150.000000 -150.000000 -3.498277 0.100000
0.000000 -150.000000 -150.000000 -3.509357 0.100000
75.000000 -150.000000 -150.000000 -3.426602 0.100000
150.000000 -150.000000 -150.000000 -2.941969 0.100000
225.000000 -150.000000 -150.000000 -2.946004 0.100000
300.000000 -150.000000 -150.000000 -2.391511 0.100000
375.000000 -150.000000 -150.000000 -1.836164 0.100000
450.000000 -150.000000 -150.000000 -1.490547 0.100000
525.000000 -150.000000 -150.000000 -1.242678 0.100000
600.000000 -150.000000 -150.000000 -1.079637 0.100000
-600.000000 -75.000000 -150.000000 -1.380828 0.100000
-525.000000 -75.000000 -150.000000 -1.508313 0.100000
-450.000000 -75.000000 -150.000000 -2.039732 0.100000
-375.000000 -75.000000 -150.000000 -2.598119 0.100000
-300.000000 -75.000000 -150.000000 -3.080083 0.100000
-225.000000 -75.000000 -150.000000 -3.798701 0.100000
-150.000000 -75.000000 -150.000000 -4.464258 0.100000
-75.000000 -75.000000 -150.000000 -4.981945 0.100000
0.000000 -75.000000 -150.000000 -5.159954 0.100000
75.000000 -75.000000 -150.000000 -5.089992 0.100000
150.000000 -75.000000 -150.000000 -4.715535 0.100000
225.000000 -75.000000 -150.000000 -3.953463 0.100000
300.000000 -75.000000 -150.000000 -3.037071 0.100000
375.000000 -75.000000 -150.000000 -2.394789 0.100000
450.000000 -75.000000 -150.000000 -1.937339 0.100000
525.000000 -75.000000 -150.000000 -1.476065 0.100000
600.000000 -75.000000 -150.000000 -1.288068 0.100000
-600.000000 0.000000 -150.000000 -1.407332 0.100000
-525.000000 0.000000 -150.000000 -1.629737 0.100000
-450.000000 0.000000 -150.000000 -1.987999 0.100000
-375.000000 0.000000 -150.000000 -2.625981 0.100000
-300.000000 0.000000 -150.000000 -3.443977 0.100000
-225.000000 0.000000 -150.000000 -4.048713 0.100000
-150.000000 0.000000 -150.000000 -4.936656 0.100000
-75.000000 0.000000 -150.000000 -5.398399 0.100000
0.000000 0.000000 -150.000000 -5.775567 0.100000
75.000000 0.000000 -150.000000 -5.571638 0.100000
150.000000 0.000000 -150.000000 -5.074480 0.100000
225.000000 0.000000 -150.000000 -4.325335 0.100000
300.000000 0.000000 -150.000000 -3.244548 0.100000
375.000000 0.000000 -150.000000 -2.614879 0.100000
450.000000 0.000000 -150.000000 -2.281667 0.100000
525.000000 0.000000 -150.000000 -1.613047 0.100000
600.000000 0.000000 -150.000000 -1.243063 0.100000
-600.000000 75.000000 -150.000000 -1.223708 0.100000
-525.000000 75.000000 -150.000000 -1.395936 0.100000
-450.000000 75.000000 -150.000000 -1.961426 0.100000
-375.000000 75.000000 -150.000000 -2.302869 0.100000
-300.000000 75.000000 -150.000000 -3.334827 0.100000
-225.000000 75.000000 -150.000000 -3.754720 0.100000
-150.000000 75.000000 -150.000000 -4.606917 0.100000
-75.000000 75.000000 -150.000000 -4.868774 0.100000
0.000000 75.000000 -150.000000 -5.072102 0.100000
75.000000 75.000000 -150.000000 -4.997860 0.100000
150.000000 75.000000 -150.000000 -4.341918 0.100000
225.000000 75.000000 -150.000000 -3.601789 0.100000
300.000000 75.000000 -150.000000 -3.102172 0.100000
375.000000 75.000000 -150.000000 -2.521699 0.100000
450.000000 75.000000 -150.000000 -2.041306 0.100000
525.000000 75.000000 -150.000000 -1.612875 0.100000
600.000000 75.000000 -150.000000 -1.241945 0.100000
-600.000000 150.000000 -150.000000 -1.068847 0.100000
-525.000000 150.000000 -150.000000 -1.307384 0.100000
-450.000000 150.000000 -150.000000 -1.698859 0.100000
-375.000000 150.000000 -150.000000 -1.860021 0.100000
-300.000000 150.000000 -150.000000 -2.264525 0.100000
-225.000000 150.000000 -150.000000 -2.755161 0.100000
-150.000000 150.000000 -150.000000 -3.194625 0.100000
-75.000000 150.000000 -150.000000 -3.509874 0.100000
0.000000 150.000000 -150.000000 -3.479830 0.100000
75.000000 150.000000 -150.000000 -3.339779 0.100000
150.000000 150.000000 -150.000000 -3.164079 0.100000
225.000000 150.000000 -150.000000 -2.605908 0.100000
300.000000 150.000000 -150.000000 -2.542507 0.100000
375.000000 150.000000 -150.000000 -1.970769 0.100000
450.000000 150.000000 -150.000000 -1.595295 0.100000
525.000000 150.000000 -150.000000 -1.254019 0.100000
600.000000 150.000000 -150.000000 -0.929809 0.100000
-600.000000 225.000000 -150.000000 -0.524476 0.100000
-525.000000 225.000000 -150.000000 -0.869612 0.100000
-450.000000 225.000000 -150.000000 -1.170336 0.100000
-375.000000 225.000000 -150.000000 -1.524364 0.100000
-300.000000 225.000000 -150.000000 -1.428411 0.100000
-225.000000 225.000000 -150.000000 -1.516476 0.100000
-150.000000 225.000000 -150.000000 -1.771407 0.100000
-75.000000 225.000000 -150.000000 -1.622018 0.100000
0.000000 225.000000 -150.000000 -1.699340 0.100000
75.000000 225.000000 -150.000000 -1.670587 0.100000
150.000000 225.000000 -150.000000 -1.750837 0.100000
225.000000 225.000000 -150.000000 -1.299311 0.100000
300.000000 225.000000 -150.000000 -1.533007 0.100000
375.000000 225.000000 -150.000000 -1.443723 0.100000
450.000000 225.000000 -150.000000 -1.125366 0.100000
525.000000 225.000000 -150.000000 -1.029956 0.100000
600.000000 225.000000 -150.000000 -0.862187 0.100000
-600.000000 300.000000 -150.000000 -0.728124 0.100000
-525.000000 300.000000 -150.000000 -0.628053 0.100000
-450.000000 300.000000 -150.000000 -0.631802 0.100000
-375.000000 300.000000 -150.000000 -0.729548 0.100000
-300.000000 300.000000 -150.000000 -0.646077 0.100000
-225.000000 300.000000 -150.000000 -0.569843 0.100000
-150.000000 300.000000 -150.000000 -0.501007 0.100000
-75.000000 300.000000 -150.000000 -0.329258 0.100000
0.000000 300.000000 -150.000000 -0.427744 0.100000
75.000000 300.000000 -150.000000 -0.389864 0.100000
150.000000 300.000000 -150.000000 -0.385324 0.100000
225.000000 300.000000 -150.000000 -0.573970 0.100000
300.000000 300.000000 -150.000000 -0.592643 0.100000
375.000000 300.000000 -150.000000 -0.775799 0.100000
450.000000 300.000000 -150.000000 -0.785305 0.100000
525.000000 300.000000 -150.000000 -0.655775 0.100000
600.000000 300.000000 -150.000000 -0.348298 0.100000
-600.000000 375.000000 -150.000000 -0.237476 0.100000
-525.000000 375.000000 -150.000000 -0.435477 0.100000
-450.000000 375.000000 -150.000000 -0.299320 0.100000
-375.000000 375.000000 -150.000000 -0.307769 0.100000
-300.000000 375.000000 -150.000000 -0.021711 0.100000
-225.000000 375.000000 -150.000000 0.204014 0.100000
-150.000000 375.000000 -150.000000 0.295469 0.100000
-75.000000 375.000000 -150.000000 0.569885 0.100000
0.000000 375.000000 -150.000000 0.582905 0.100000
75.000000 375.000000 -150.000000 0.536786 0.100000
150.000000 375.000000 -150.000000 0.231322 0.100000
225.000000 375.000000 -150.000000 0.068676 0.100000
300.000000 375.000000 -150.000000 -0.218720 0.100000
375.000000 375.000000 -150.000000 -0.171982 0.100000
450.000000 375.000000 -150.000000 -0.166344 0.100000
525.000000 375.000000 -150.000000 -0.436643 0.100000
600.000000 375.000000 -150.000000 -0.448266 0.100000
-600.000000 450.000000 -150.000000 -0.120504 0.100000
-525.000000 450.000000 -150.000000 -0.143778 0.100000
-450.000000 450.000000 -150.000000 0.013127 0.100000
-375.000000 450.000000 -150.000000 0.126188 0.100000
-300.000000 450.000000 -150.000000 0.513480 0.100000
-225.000000 450.000000 -150.000000 0.666113 0.100000
-150.000000 450.000000 -150.000000 0.661075 0.100000
-75.000000 450.000000 -150.000000 0.928489 0.100000
0.000000 450.000000 -150.000000 1.179640 0.100000
75.000000 450.000000 -150.000000 0.916385 0.100000
150.000000 450.000000 -150.000000 0.876982 0.100000
225.000000 450.000000 -150.000000 0.699339 0.100000
300.000000 450.000000 -150.000000 0.285390 0.100000
375.000000 450.000000 -150.000000 0.142686 0.100000
450.000000 450.000000 -150.000000 -0.011833 0.100000
525.000000 450.000000 -150.000000 -0.147621 0.100000
600.000000 450.000000 -150.000000 -0.186168 0.100000
-600.000000 525.000000 -150.000000 0.042022 0.100000
-525.000000 525.000000 -150.000000 -0.061555 0.100000
-450.000000 525.000000 -150.000000 0.085074 0.100000
-375.000000 525.000000 -150.000000 0.528068 0.100000
-300.000000 525.000000 -150.000000 0.776121 0.100000
-225.000000 525.000000 -150.000000 0.895918 0.100000
-150.000000 525.000000 -150.000000 1.032394 0.100000
-75.000000 525.000000 -150.000000 1.192151 0.100000
0.000000 525.000000 -150.000000 1.213592 0.100000
75.000000 525.000000 -150.000000 1.363225 0.100000
150.000000 525.000000 -150.000000 1.040158 0.100000
225.000000 525.000000 -150.000000 0.817799 0.100000
300.000000 525.000000 -150.000000 0.536464 0.100000
375.000000 525.000000 -150.000000 0.240332 0.100000
450.000000 525.000000 -150.000000 0.094657 0.100000
525.000000 525.000000 -150.000000 0.085369 0.100000
600.000000 525.000000 -150.000000 0.038148 0.100000
-600.000000 600.000000 -150.000000 -0.059646 0.100000
-525.000000 600.000000 -150.000000 0.333983 0.100000
-450.000000 600.000000 -150.000000 0.350293 0.100000
-375.000000 600.000000 -150.000000 0.489808 0.100000
-300.000000 600.000000 -150.000000 0.586158 0.100000
-225.000000 600.000000 -150.000000 0.903948 0.100000
-150.000000 600.000000 -150.000000 1.309111 0.100000
-75.000000 600.000000 -150.000000 1.260217 0.100000
0.000000 600.000000 -150.000000 1.117208 0.100000
75.000000 600.000000 -150.000000 1.013472 0.100000
150.000000 600.000000 -150.000000 1.126621 0.100000
225.000000 600.000000 -150.000000 0.753185 0.100000
300.000000 600.000000 -150.000000 0.579027 0.100000
375.000000 600.000000 -150.000000 0.507442 0.100000
450.000000 600.000000 -150.000000 0.368716 0.100000
525.000000 600.000000 -150.000000 0.248877 0.100000
600.000000 600.000000 -150.000000 0.078463 0.100000
