-600.000000 -600.000000 -150.000000 0.460116 0.100000
-525.000000 -600.000000 -150.000000 0.685017 0.100000
-450.000000 -600.000000 -150.000000 0.817395 0.100000
-375.000000 -600.000000 -150.000000 1.135527 0.100000
-300.000000 -600.000000 -150.000000 1.197656 0.100000
-225.000000 -600.000000 -150.000000 1.635565 0.100000
-150.000000 -600.000000 -150.000000 1.715891 0.100000
-75.000000 -600.000000 -150.000000 1.780317 0.100000
0.000000 -600.000000 -150.000000 1.852316 0.100000
75.000000 -600.000000 -150.000000 1.859963 0.100000
150.000000 -600.000000 -150.000000 1.480581 0.100000
225.000000 -600.000000 -150.000000 1.446500 0.100000
300.000000 -600.000000 -150.000000 1.195430 0.100000
375.000000 -600.000000 -150.000000 0.943849 0.100000
450.000000 -600.000000 -150.000000 0.744540 0.100000
525.000000 -600.000000 -150.000000 0.666118 0.100000
600.000000 -600.000000 -150.000000 0.500977 0.100000
-600.000000 -525.000000 -150.000000 0.681827 0.100000
-525.000000 -525.000000 -150.000000 0.682701 0.100000
-450.000000 -525.000000 -150.000000 0.902393 0.100000
-375.000000 -525.000000 -150.000000 1.261262 0.100000
-300.000000 -525.000000 -150.000000 1.692478 0.100000
-225.000000 -525.000000 -150.000000 1.811500 0.100000
-150.000000 -525.000000 -150.000000 2.289703 0.100000
-75.000000 -525.000000 -150.000000 2.513552 0.100000
0.000000 -525.000000 -150.000000 2.347877 0.100000
75.000000 -525.000000 -150.000000 2.371295 0.100000
150.000000 -525.000000 -150.000000 2.054364 0.100000
225.000000 -525.000000 -150.000000 1.927456 0.100000
300.000000 -525.000000 -150.000000 1.532529 0.100000
375.000000 -525.000000 -150.000000 1.218714 0.100000
450.000000 -525.000000 -150.000000 1.132484 0.100000
525.000000 -525.000000 -150.000000 0.623335 0.100000
600.000000 -525.000000 -150.000000 0.551172 0.100000
-600.000000 -450.000000 -150.000000 0.595560 0.100000
-525.000000 -450.000000 -150.000000 0.960894 0.100000
-450.000000 -450.000000 -150.000000 1.311042 0.100000
-375.000000 -450.000000 -150.000000 1.424862 0.100000
-300.000000 -450.000000 -150.000000 1.834267 0.100000
-225.000000 -450.000000 -150.000000 2.377163 0.100000
-150.000000 -450.000000 -150.000000 2.753755 0.100000
-75.000000 -450.000000 -150.000000 3.127457 0.100000
0.000000 -450.000000 -150.000000 3.102962 0.100000
75.000000 -450.000000 -150.000000 3.042897 0.100000
150.000000 -450.000000 -150.000000 2.886368 0.100000
225.000000 -450.000000 -150.000000 2.235004 0.100000
300.000000 -450.000000 -150.000000 1.904767 0.100000
375.000000 -450.000000 -150.000000 1.492502 0.100000
450.000000 -450.000000 -150.000000 1.022592 0.100000
525.000000 -450.000000 -150.000000 0.692678 0.100000
600.000000 -450.000000 -150.000000 0.623130 0.100000
-600.000000 -375.000000 -150.000000 0.556730 0.100000
-525.000000 -375.000000 -150.000000 1.010336 0.100000
-450.000000 -375.000000 -150.000000 1.200904 0.100000
-375.000000 -375.000000 -150.000000 1.824523 0.100000
-300.000000 -375.000000 -150.000000 2.271215 0.100000
-225.000000 -375.000000 -150.000000 2.645165 0.100000
-150.000000 -375.000000 -150.000000 3.400865 0.100000
-75.000000 -375.000000 -150.000000 3.645348 0.100000
0.000000 -375.000000 -150.000000 3.964013 0.100000
75.000000 -375.000000 -150.000000 3.808891 0.100000
150.000000 -375.000000 -150.000000 3.310677 0.100000
225.000000 -375.000000 -150.000000 2.636544 0.100000
300.000000 -375.000000 -150.000000 2.212493 0.100000
375.000000 -375.000000 -150.000000 1.511101 0.100000
450.000000 -375.000000 -150.000000 1.268545 0.100000
525.000000 -375.000000 -150.000000 0.896591 0.100000
600.000000 -375.000000 -150.000000 0.598685 0.100000
-600.000000 -300.000000 -150.000000 0.523802 0.100000
-525.000000 -300.000000 -150.000000 0.730737 0.100000
-450.000000 -300.000000 -150.000000 1.253988 0.100000
-375.000000 -300.000000 -150.000000 1.983999 0.100000
-300.000000 -300.000000 -150.000000 2.425655 0.100000
-225.000000 -300.000000 -150.000000 3.071266 0.100000
-150.000000 -300.000000 -150.000000 3.798986 0.100000
-75.000000 -300.000000 -150.000000 4.534414 0.100000
0.000000 -300.000000 -150.000000 4.654924 0.100000
75.000000 -300.000000 -150.000000 4.551829 0.100000
150.000000 -300.000000 -150.000000 3.776871 0.100000
225.000000 -300.000000 -150.000000 3.111814 0.100000
300.000000 -300.000000 -150.000000 2.549927 0.100000
375.000000 -300.000000 -150.000000 1.729490 0.100000
450.000000 -300.000000 -150.000000 1.221880 0.100000
525.000000 -300.000000 -150.000000 0.960513 0.100000
600.000000 -300.000000 -150.000000 0.698719 0.100000
-600.000000 -225.000000 -150.000000 0.760373 0.100000
-525.000000 -225.000000 -150.000000 0.747821 0.100000
-450.000000 -225.000000 -150.000000 1.128621 0.100000
-375.000000 -225.000000 -150.000000 1.731993 0.100000
-300.000000 -225.000000 -150.000000 2.403321 0.100000
-225.000000 -225.000000 -150.000000 3.286947 0.100000
-150.000000 -225.000000 -150.000000 4.173950 0.100000
-75.000000 -225.000000 -150.000000 4.898894 0.100000
0.000000 -225.000000 -150.000000 4.939804 0.100000
75.000000 -225.000000 -150.000000 4.668253 0.100000
150.000000 -225.000000 -150.000000 4.103905 0.100000
225.000000 -225.000000 -150.000000 3.072507 0.100000
300.000000 -225.000000 -150.000000 2.441656 0.100000
375.000000 -225.000000 -150.000000 1.706937 0.100000
450.000000 -225.000000 -150.000000 1.012597 0.100000
525.000000 -225.000000 -150.000000 0.715230 0.100000
600.000000 -225.000000 -150.000000 0.495405 0.100000
-600.000000 -150.000000 -150.000000 0.531253 0.100000
-525.000000 -150.000000 -150.000000 0.674763 0.100000
-450.000000 -150.000000 -150.000000 0.867330 0.100000
-375.000000 -150.000000 -150.000000 1.595521 0.100000
-300.000000 -150.000000 -150.000000 2.023095 0.100000
-225.000000 -150.000000 -150.000000 2.639284 0.100000
-150.000000 -150.000000 -150.000000 3.599659 0.100000
-75.000000 -150.000000 -150.000000 4.171365 0.100000
0.000000 -150.000000 -150.000000 4.533133 0.100000
75.000000 -150.000000 -150.000000 4.260333 0.100000
150.000000 -150.000000 -150.000000 3.531328 0.100000
225.000000 -150.000000 -150.000000 2.726365 0.100000
300.000000 -150.000000 -150.000000 1.824649 0.100000
375.000000 -150.000000 -150.000000 1.427045 0.100000
450.000000 -150.000000 -150.000000 0.942277 0.100000
525.000000 -150.000000 -150.000000 0.657067 0.100000
600.000000 -150.000000 -150.000000 0.107429 0.100000
-600.000000 -75.000000 -150.000000 0.156876 0.100000
-525.000000 -75.000000 -150.000000 0.419669 0.100000
-450.000000 -75.000000 -150.000000 0.570898 0.100000
-375.000000 -75.000000 -150.000000 0.539396 0.100000
-300.000000 -75.000000 -150.000000 1.149675 0.100000
-225.000000 -75.000000 -150.000000 1.582570 0.100000
-150.000000 -75.000000 -150.000000 2.103817 0.100000
-75.000000 -75.000000 -150.000000 2.580480 0.100000
0.000000 -75.000000 -150.000000 2.694782 0.100000
75.000000 -75.000000 -150.000000 2.718327 0.100000
150.000000 -75.000000 -150.000000 2.318566 0.100000
225.000000 -75.000000 -150.000000 1.551362 0.100000
300.000000 -75.000000 -150.000000 1.279725 0.100000
375.000000 -75.000000 -150.000000 0.606158 0.100000
450.000000 -75.000000 -150.000000 0.396235 0.100000
525.000000 -75.000000 -150.000000 0.223877 0.100000
600.000000 -75.000000 -150.000000 0.178073 0.100000
-600.000000 0.000000 -150.000000 0.117580 0.100000
-525.000000 0.000000 -150.000000 -0.010975 0.100000
-450.000000 0.000000 -150.000000 -0.015813 0.100000
-375.000000 0.000000 -150.000000 -0.052486 0.100000
-300.000000 0.000000 -150.000000 -0.068290 0.100000
-225.000000 0.000000 -150.000000 0.239331 0.100000
-150.000000 0.000000 -150.000000 0.082696 0.100000
-75.000000 0.000000 -150.000000 0.006043 0.100000
0.000000 0.000000 -150.000000 0.180254 0.100000
75.000000 0.000000 -150.000000 0.158989 0.100000
150.000000 0.000000 -150.000000 0.080241 0.100000
225.000000 0.000000 -150.000000 -0.202244 0.100000
300.000000 0.000000 -150.000000 -0.030672 0.100000
375.000000 0.000000 -150.000000 0.001298 0.100000
450.000000 0.000000 -150.000000 -0.027486 0.100000
525.000000 0.000000 -150.000000 0.022544 0.100000
600.000000 0.000000 -150.000000 0.279251 0.100000
-600.000000 75.000000 -150.000000 -0.078563 0.100000
-525.000000 75.000000 -150.000000 -0.465859 0.100000
-450.000000 75.000000 -150.000000 -0.567251 0.100000
-375.000000 75.000000 -150.000000 -0.721000 0.100000
-300.000000 75.000000 -150.000000 -0.944605 0.100000
-225.000000 75.000000 -150.000000 -1.399718 0.100000
-150.000000 75.000000 -150.000000 -2.193426 0.100000
-75.000000 75.000000 -150.000000 -2.404497 0.100000
0.000000 75.000000 -150.000000 -2.697863 0.100000
75.000000 75.000000 -150.000000 -2.381885 0.100000
150.000000 75.000000 -150.000000 -2.080480 0.100000
225.000000 75.000000 -150.000000 -1.749015 0.100000
300.000000 75.000000 -150.000000 -1.051331 0.100000
375.000000 75.000000 -150.000000 -0.761734 0.100000
450.000000 75.000000 -150.000000 -0.543460 0.100000
525.000000 75.000000 -150.000000 -0.366924 0.100000
600.000000 75.000000 -150.000000 -0.296114 0.100000
-600.000000 150.000000 -150.000000 -0.372050 0.100000
-525.000000 150.000000 -150.000000 -0.434976 0.100000
-450.000000 150.000000 -150.000000 -0.925459 0.100000
-375.000000 150.000000 -150.000000 -1.420740 0.100000
-300.000000 150.000000 -150.000000 -1.963103 0.100000
-225.000000 150.000000 -150.000000 -2.792698 0.100000
-150.000000 150.000000 -150.000000 -3.500894 0.100000
-75.000000 150.000000 -150.000000 -4.254323 0.100000
0.000000 150.000000 -150.000000 -4.661388 0.100000
75.000000 150.000000 -150.000000 -4.195577 0.100000
150.000000 150.000000 -150.000000 -3.604053 0.100000
225.000000 150.000000 -150.000000 -2.642686 0.100000
300.000000 150.000000 -150.000000 -1.985640 0.100000
375.000000 150.000000 -150.000000 -1.115770 0.100000
450.000000 150.000000 -150.000000 -0.988069 0.100000
525.000000 150.000000 -150.000000 -0.610201 0.100000
600.000000 150.000000 -150.000000 -0.453206 0.100000
-600.000000 225.000000 -150.000000 -0.514395 0.100000
-525.000000 225.000000 -150.000000 -0.810387 0.100000
-450.000000 225.000000 -150.000000 -1.021671 0.100000
-375.000000 225.000000 -150.000000 -1.650471 0.100000
-300.000000 225.000000 -150.000000 -2.374682 0.100000
-225.000000 225.000000 -150.000000 -3.139871 0.100000
-150.000000 225.000000 -150.000000 -3.972949 0.100000
-75.000000 225.000000 -150.000000 -4.757902 0.100000
0.000000 225.000000 -150.000000 -5.073968 0.100000
75.000000 225.000000 -150.000000 -4.786682 0.100000
150.000000 225.000000 -150.000000 -4.136959 0.100000
225.000000 225.000000 -150.000000 -3.149609 0.100000
300.000000 225.000000 -150.000000 -2.460356 0.100000
375.000000 225.000000 -150.000000 -1.685400 0.100000
450.000000 225.000000 -150.000000 -1.158444 0.100000
525.000000 225.000000 -150.000000 -0.800924 0.100000
600.000000 225.000000 -150.000000 -0.578010 0.100000
-600.000000 300.000000 -150.000000 -0.598860 0.100000
-525.000000 300.000000 -150.000000 -0.980979 0.100000
-450.000000 300.000000 -150.000000 -1.226297 0.100000
-375.000000 300.000000 -150.000000 -1.832286 0.100000
-300.000000 300.000000 -150.000000 -2.199153 0.100000
-225.000000 300.000000 -150.000000 -3.170428 0.100000
-150.000000 300.000000 -150.000000 -3.958319 0.100000
-75.000000 300.000000 -150.000000 -4.611261 0.100000
0.000000 300.000000 -150.000000 -4.576239 0.100000
75.000000 300.000000 -150.000000 -4.397167 0.100000
150.000000 300.000000 -150.000000 -3.962876 0.100000
225.000000 300.000000 -150.000000 -3.190824 0.100000
300.000000 300.000000 -150.000000 -2.370446 0.100000
375.000000 300.000000 -150.000000 -1.836289 0.100000
450.000000 300.000000 -150.000000 -1.195418 0.100000
525.000000 300.000000 -150.000000 -0.747047 0.100000
600.000000 300.000000 -150.000000 -0.426404 0.100000
-600.000000 375.000000 -150.000000 -0.792854 0.100000
-525.000000 375.000000 -150.000000 -0.949259 0.100000
-450.000000 375.000000 -150.000000 -1.184203 0.100000
-375.000000 375.000000 -150.000000 -1.743270 0.100000
-300.000000 375.000000 -150.000000 -2.409758 0.100000
-225.000000 375.000000 -150.000000 -2.749499 0.100000
-150.000000 375.000000 -150.000000 -3.306117 0.100000
-75.000000 375.000000 -150.000000 -3.825185 0.100000
0.000000 375.000000 -150.000000 -4.017679 0.100000
75.000000 375.000000 -150.000000 -3.650825 0.100000
150.000000 375.000000 -150.000000 -3.309726 0.100000
225.000000 375.000000 -150.000000 -2.836758 0.100000
300.000000 375.000000 -150.000000 -2.116652 0.100000
375.000000 375.000000 -150.000000 -1.580879 0.100000
450.000000 375.000000 -150.000000 -1.138243 0.100000
525.000000 375.000000 -150.000000 -0.981474 0.100000
600.000000 375.000000 -150.000000 -0.578442 0.100000
-600.000000 450.000000 -150.000000 -0.587790 0.100000
-525.000000 450.000000 -150.000000 -0.867367 0.100000
-450.000000 450.000000 -150.000000 -1.355941 0.100000
-375.000000 450.000000 -150.000000 -1.474903 0.100000
-300.000000 450.000000 -150.000000 -1.945533 0.100000
-225.000000 450.000000 -150.000000 -2.349629 0.100000
-150.000000 450.000000 -150.000000 -2.832166 0.100000
-75.000000 450.000000 -150.000000 -2.898483 0.100000
0.000000 450.000000 -150.000000 -3.126993 0.100000
75.000000 450.000000 -150.000000 -2.936228 0.100000
150.000000 450.000000 -150.000000 -2.746804 0.100000
225.000000 450.000000 -150.000000 -2.354913 0.100000
300.000000 450.000000 -150.000000 -1.732847 0.100000
375.000000 450.000000 -150.000000 -1.605873 0.100000
450.000000 450.000000 -150.000000 -1.154568 0.100000
525.000000 450.000000 -150.000000 -0.820376 0.100000
600.000000 450.000000 -150.000000 -0.623273 0.100000
-600.000000 525.000000 -150.000000 -0.618736 0.100000
-525.000000 525.000000 -150.000000 -0.803770 0.100000
-450.000000 525.000000 -150.000000 -0.893579 0.100000
-375.000000 525.000000 -150.000000 -1.253912 0.100000
-300.000000 525.000000 -150.000000 -1.498055 0.100000
-225.000000 525.000000 -150.000000 -1.722287 0.100000
-150.000000 525.000000 -150.000000 -1.945498 0.100000
-75.000000 525.000000 -150.000000 -2.510574 0.100000
0.000000 525.000000 -150.000000 -2.515326 0.100000
75.000000 525.000000 -150.000000 -2.213989 0.100000
150.000000 525.000000 -150.000000 -2.218533 0.100000
225.000000 525.000000 -150.000000 -1.776661 0.100000
300.000000 525.000000 -150.000000 -1.532058 0.100000
375.000000 525.000000 -150.000000 -1.188597 0.100000
450.000000 525.000000 -150.000000 -0.771583 0.100000
525.000000 525.000000 -150.000000 -0.836225 0.100000
600.000000 525.000000 -150.000000 -0.547339 0.100000
-600.000000 600.000000 -150.000000 -0.395544 0.100000
-525.000000 600.000000 -150.000000 -0.742820 0.100000
-450.000000 600.000000 -150.000000 -0.864324 0.100000
-375.000000 600.000000 -150.000000 -1.112705 0.100000
-300.000000 600.000000 -150.000000 -1.192027 0.100000
-225.000000 600.000000 -150.000000 -1.558183 0.100000
-150.000000 600.000000 -150.000000 -1.639080 0.100000
-75.000000 600.000000 -150.000000 -1.771050 0.100000
0.000000 600.000000 -150.000000 -1.664557 0.100000
75.000000 600.000000 -150.000000 -1.840584 0.100000
150.000000 600.000000 -150.000000 -1.536514 0.100000
225.000000 600.000000 -150.000000 -1.279662 0.100000
300.000000 600.000000 -150.000000 -1.087822 0.100000
375.000000 600.000000 -150.000000 -1.099305 0.100000
450.000000 600.000000 -150.000000 -0.685972 0.100000
525.000000 600.000000 -150.000000 -0.580446 0.100000
600.000000 600.000000 -150.000000 -0.710413 0.100000
