-600.000000 -600.000000 -150.000000 -0.305641 0.100000
-525.000000 -600.000000 -150.000000 -0.219463 0.100000
-450.000000 -600.000000 -150.000000 0.003693 0.100000
-375.000000 -600.000000 -150.000000 -0.075209 0.100000
-300.000000 -600.000000 -150.000000 -0.241879 0.100000
-225.000000 -600.000000 -150.000000 0.077862 0.100000
-150.000000 -600.000000 -150.000000 0.204232 0.100000
-75.000000 -600.000000 -150.000000 -0.070022 0.100000
0.000000 -600.000000 -150.000000 0.140772 0.100000
75.000000 -600.000000 -150.000000 0.030200 0.100000
150.000000 -600.000000 -150.000000 0.111489 0.100000
225.000000 -600.000000 -150.000000 0.040266 0.100000
300.000000 -600.000000 -150.000000 -0.158234 0.100000
375.000000 -600.000000 -150.000000 -0.317572 0.100000
450.000000 -600.000000 -150.000000 -0.129896 0.100000
525.000000 -600.000000 -150.000000 -0.148806 0.100000
600.000000 -600.000000 -150.000000 -0.410794 0.100000
-600.000000 -525.000000 -150.000000 -0.132552 0.100000
-525.000000 -525.000000 -150.000000 -0.137199 0.100000
-450.000000 -525.000000 -150.000000 -0.166419 0.100000
-375.000000 -525.000000 -150.000000 0.185633 0.100000
-300.000000 -525.000000 -150.000000 0.110322 0.100000
-225.000000 -525.000000 -150.000000 0.149073 0.100000
-150.000000 -525.000000 -150.000000 0.560053 0.100000
-75.000000 -525.000000 -150.000000 0.427946 0.100000
0.000000 -525.000000 -150.000000 0.516073 0.100000
75.000000 -525.000000 -150.000000 0.402789 0.100000
150.000000 -525.000000 -150.000000 0.305870 0.100000
225.000000 -525.000000 -150.000000 0.157746 0.100000
300.000000 -525.000000 -150.000000 0.207274 0.100000
375.000000 -525.000000 -150.000000 -0.065656 0.100000
450.000000 -525.000000 -150.000000 -0.271802 0.100000
525.000000 -525.000000 -150.000000 -0.165240 0.100000
600.000000 -525.000000 -150.000000 -0.307066 0.100000
-600.000000 -450.000000 -150.000000 -0.185245 0.100000
-525.000000 -450.000000 -150.000000 -0.215975 0.100000
-450.000000 -450.000000 -150.000000 -0.097122 0.100000
-375.000000 -450.000000 -150.000000 0.176745 0.100000
-300.000000 -450.000000 -150.000000 0.303801 0.100000
-225.000000 -450.000000 -150.000000 0.554227 0.100000
-150.000000 -450.000000 -150.000000 0.889927 0.100000
-75.000000 -450.000000 -150.000000 0.862365 0.100000
0.000000 -450.000000 -150.000000 1.148244 0.100000
75.000000 -450.000000 -150.000000 1.024153 0.100000
150.000000 -450.000000 -150.000000 0.440775 0.100000
225.000000 -450.000000 -150.000000 0.567069 0.100000
300.000000 -450.000000 -150.000000 0.150947 0.100000
375.000000 -450.000000 -150.000000 0.093521 0.100000
450.000000 -450.000000 -150.000000 0.108713 0.100000
525.000000 -450.000000 -150.000000 0.132053 0.100000
600.000000 -450.000000 -150.000000 -0.141053 0.100000
-600.000000 -375.000000 -150.000000 0.072779 0.100000
-525.000000 -375.000000 -150.000000 0.071880 0.100000
-450.000000 -375.000000 -150.000000 0.239987 0.100000
-375.000000 -375.000000 -150.000000 0.497698 0.100000
-300.000000 -375.000000 -150.000000 0.788119 0.100000
-225.000000 -375.000000 -150.000000 1.090711 0.100000
-150.000000 -375.000000 -150.000000 1.705700 0.100000
-75.000000 -375.000000 -150.000000 2.000483 0.100000
0.000000 -375.000000 -150.000000 2.028542 0.100000
75.000000 -375.000000 -150.000000 1.799583 0.100000
150.000000 -375.000000 -150.000000 1.598703 0.100000
225.000000 -375.000000 -150.000000 0.986118 0.100000
300.000000 -375.000000 -150.000000 0.787188 0.100000
375.000000 -375.000000 -150.000000 0.462204 0.100000
450.000000 -375.000000 -150.000000 0.393771 0.100000
525.000000 -375.000000 -150.000000 0.022972 0.100000
600.000000 -375.000000 -150.000000 -0.144178 0.100000
-600.000000 -300.000000 -150.000000 -0.070612 0.100000
-525.000000 -300.000000 -150.000000 0.088743 0.100000
-450.000000 -300.000000 -150.000000 0.300517 0.100000
-375.000000 -300.000000 -150.000000 0.635023 0.100000
-300.000000 -300.000000 -150.000000 1.471852 0.100000
-225.000000 -300.000000 -150.000000 2.113298 0.100000
-150.000000 -300.000000 -150.000000 2.853000 0.100000
-75.000000 -300.000000 -150.000000 3.562908 0.100000
0.000000 -300.000000 -150.000000 3.743909 0.100000
75.000000 -300.000000 -150.000000 3.211530 0.100000
150.000000 -300.000000 -150.000000 2.724094 0.100000
225.000000 -300.000000 -150.000000 1.974470 0.100000
300.000000 -300.000000 -150.000000 1.336689 0.100000
375.000000 -300.000000 -150.000000 0.804811 0.100000
450.000000 -300.000000 -150.000000 0.216659 0.100000
525.000000 -300.000000 -150.000000 0.048940 0.100000
600.000000 -300.000000 -150.000000 -0.011246 0.100000
-600.000000 -225.000000 -150.000000 0.055107 0.100000
-525.000000 -225.000000 -150.000000 0.279645 0.100000
-450.000000 -225.000000 -150.000000 0.668424 0.100000
-375.000000 -225.000000 -150.000000 1.219458 0.100000
-300.000000 -225.000000 -150.000000 2.008177 0.100000
-225.000000 -225.000000 -150.000000 3.211797 0.100000
-150.000000 -225.000000 -150.000000 4.440390 0.100000
-75.000000 -225.000000 -150.000000 5.483497 0.100000
0.000000 -225.000000 -150.000000 5.790236 0.100000
75.000000 -225.000000 -150.000000 5.679535 0.100000
150.000000 -225.000000 -150.000000 4.465646 0.100000
225.000000 -225.000000 -150.000000 3.063693 0.100000
300.000000 -225.000000 -150.000000 2.103543 0.100000
375.000000 -225.000000 -150.000000 1.173626 0.100000
450.000000 -225.000000 -150.000000 0.514172 0.100000
525.000000 -225.000000 -150.000000 0.159950 0.100000
600.000000 -225.000000 -150.000000 0.021858 0.100000
-600.000000 -150.000000 -150.000000 0.112820 0.100000
-525.000000 -150.000000 -150.000000 0.282911 0.100000
-450.000000 -150.000000 -150.000000 0.731577 0.100000
-375.000000 -150.000000 -150.000000 1.662191 0.100000
-300.000000 -150.000000 -150.000000 2.720212 0.100000
-225.000000 -150.000000 -150.000000 4.588585 0.100000
-150.000000 -150.000000 -150.000000 6.426018 0.100000
-75.000000 -150.000000 -150.000000 7.812800 0.100000
0.000000 -150.000000 -150.000000 8.462647 0.100000
75.000000 -150.000000 -150.000000 7.812708 0.100000
150.000000 -150.000000 -150.000000 6.287794 0.100000
225.000000 -150.000000 -150.000000 4.360603 0.100000
300.000000 -150.000000 -150.000000 2.761466 0.100000
375.000000 -150.000000 -150.000000 1.545228 0.100000
450.000000 -150.000000 -150.000000 0.822239 0.100000
525.000000 -150.000000 -150.000000 0.192639 0.100000
600.000000 -150.000000 -150.000000 0.166663 0.100000
-600.000000 -75.000000 -150.000000 0.098496 0.100000
-525.000000 -75.000000 -150.000000 0.396059 0.100000
-450.000000 -75.000000 -150.000000 1.162825 0.100000
-375.000000 -75.000000 -150.000000 2.013496 0.100000
-300.000000 -75.000000 -150.000000 3.278422 0.100000
-225.000000 -75.000000 -150.000000 5.463816 0.100000
-150.000000 -75.000000 -150.000000 7.842300 0.100000
-75.000000 -75.000000 -150.000000 9.970125 0.100000
0.000000 -75.000000 -150.000000 10.848850 0.100000
75.000000 -75.000000 -150.000000 9.981415 0.100000
150.000000 -75.000000 -150.000000 7.846047 0.100000
225.000000 -75.000000 -150.000000 5.454903 0.100000
300.000000 -75.000000 -150.000000 3.520285 0.100000
375.000000 -75.000000 -150.000000 2.042845 0.100000
450.000000 -75.000000 -150.000000 0.916206 0.100000
525.000000 -75.000000 -150.000000 0.457421 0.100000
600.000000 -75.000000 -150.000000 0.136413 0.100000
-600.000000 0.000000 -150.000000 -0.046514 0.100000
-525.000000 0.000000 -150.000000 0.343372 0.100000
-450.000000 0.000000 -150.000000 1.109341 0.100000
-375.000000 0.000000 -150.000000 2.064378 0.100000
-300.000000 0.000000 -150.000000 3.763412 0.100000
-225.000000 0.000000 -150.000000 5.886830 0.100000
-150.000000 0.000000 -150.000000 8.452142 0.100000
-75.000000 0.000000 -150.000000 10.832119 0.100000
0.000000 0.000000 -150.000000 11.499255 0.100000
75.000000 0.000000 -150.000000 10.828099 0.100000
150.000000 0.000000 -150.000000 8.668017 0.100000
225.000000 0.000000 -150.000000 5.776813 0.100000
300.000000 0.000000 -150.000000 3.522539 0.100000
375.000000 0.000000 -150.000000 2.223873 0.100000
450.000000 0.000000 -150.000000 0.845189 0.100000
525.000000 0.000000 -150.000000 0.297099 0.100000
600.000000 0.000000 -150.000000 0.149718 0.100000
-600.000000 75.000000 -150.000000 0.039110 0.100000
-525.000000 75.000000 -150.000000 0.347320 0.100000
-450.000000 75.000000 -150.000000 0.853404 0.100000
-375.000000 75.000000 -150.000000 1.924166 0.100000
-300.000000 75.000000 -150.000000 3.446787 0.100000
-225.000000 75.000000 -150.000000 5.470042 0.100000
-150.000000 75.000000 -150.000000 7.906824 0.100000
-75.000000 75.000000 -150.000000 9.780983 0.100000
0.000000 75.000000 -150.000000 10.764886 0.100000
75.000000 75.000000 -150.000000 9.943732 0.100000
150.000000 75.000000 -150.000000 7.831248 0.100000
225.000000 75.000000 -150.000000 5.602233 0.100000
300.000000 75.000000 -150.000000 3.282490 0.100000
375.000000 75.000000 -150.000000 2.002882 0.100000
450.000000 75.000000 -150.000000 0.907519 0.100000
525.000000 75.000000 -150.000000 0.452698 0.100000
600.000000 75.000000 -150.000000 -0.019468 0.100000
-600.000000 150.000000 -150.000000 0.024412 0.100000
-525.000000 150.000000 -150.000000 0.258614 0.100000
-450.000000 150.000000 -150.000000 0.733711 0.100000
-375.000000 150.000000 -150.000000 1.777813 0.100000
-300.000000 150.000000 -150.000000 2.817117 0.100000
-225.000000 150.000000 -150.000000 4.564322 0.100000
-150.000000 150.000000 -150.000000 6.213846 0.100000
-75.000000 150.000000 -150.000000 7.958579 0.100000
0.000000 150.000000 -150.000000 8.318854 0.100000
75.000000 150.000000 -150.000000 7.940129 0.100000
150.000000 150.000000 -150.000000 6.279028 0.100000
225.000000 150.000000 -150.000000 4.340363 0.100000
300.000000 150.000000 -150.000000 2.774530 0.100000
375.000000 150.000000 -150.000000 1.439566 0.100000
450.000000 150.000000 -150.000000 0.740268 0.100000
525.000000 150.000000 -150.000000 0.333174 0.100000
600.000000 150.000000 -150.000000 0.076444 0.100000
-600.000000 225.000000 -150.000000 -0.094495 0.100000
-525.000000 225.000000 -150.000000 0.275580 0.100000
-450.000000 225.000000 -150.000000 0.574895 0.100000
-375.000000 225.000000 -150.000000 1.126035 0.100000
-300.000000 225.000000 -150.000000 2.155728 0.100000
-225.000000 225.000000 -150.000000 3.383741 0.100000
-150.000000 225.000000 -150.000000 4.620440 0.100000
-75.000000 225.000000 -150.000000 5.461717 0.100000
0.000000 225.000000 -150.000000 5.769738 0.100000
75.000000 225.000000 -150.000000 5.472112 0.100000
150.000000 225.000000 -150.000000 4.608872 0.100000
225.000000 225.000000 -150.000000 3.213650 0.100000
300.000000 225.000000 -150.000000 1.810855 0.100000
375.000000 225.000000 -150.000000 1.246281 0.100000
450.000000 225.000000 -150.000000 0.570322 0.100000
525.000000 225.000000 -150.000000 0.197486 0.100000
600.000000 225.000000 -150.000000 -0.171044 0.100000
-600.000000 300.000000 -150.000000 -0.018486 0.100000
-525.000000 300.000000 -150.000000 0.229135 0.100000
-450.000000 300.000000 -150.000000 0.492171 0.100000
-375.000000 300.000000 -150.000000 0.612017 0.100000
-300.000000 300.000000 -150.000000 1.065865 0.100000
-225.000000 300.000000 -150.000000 2.045123 0.100000
-150.000000 300.000000 -150.000000 2.837581 0.100000
-75.000000 300.000000 -150.000000 3.315843 0.100000
0.000000 300.000000 -150.000000 3.649085 0.100000
75.000000 300.000000 -150.000000 3.574678 0.100000
150.000000 300.000000 -150.000000 2.825681 0.100000
225.000000 300.000000 -150.000000 2.056502 0.100000
300.000000 300.000000 -150.000000 1.408816 0.100000
375.000000 300.000000 -150.000000 0.764332 0.100000
450.000000 300.000000 -150.000000 0.294817 0.100000
525.000000 300.000000 -150.000000 0.028843 0.100000
600.000000 300.000000 -150.000000 -0.039263 0.100000
-600.000000 375.000000 -150.000000 -0.244735 0.100000
-525.000000 375.000000 -150.000000 -0.113575 0.100000
-450.000000 375.000000 -150.000000 0.213032 0.100000
-375.000000 375.000000 -150.000000 0.242270 0.100000
-300.000000 375.000000 -150.000000 0.850892 0.100000
-225.000000 375.000000 -150.000000 1.236942 0.100000
-150.000000 375.000000 -150.000000 1.713530 0.100000
-75.000000 375.000000 -150.000000 2.049504 0.100000
0.000000 375.000000 -150.000000 2.055734 0.100000
75.000000 375.000000 -150.000000 1.944086 0.100000
150.000000 375.000000 -150.000000 1.528677 0.100000
225.000000 375.000000 -150.000000 1.063977 0.100000
300.000000 375.000000 -150.000000 0.959322 0.100000
375.000000 375.000000 -150.000000 0.328143 0.100000
450.000000 375.000000 -150.000000 0.165193 0.100000
525.000000 375.000000 -150.000000 0.025379 0.100000
600.000000 375.000000 -150.000000 -0.189502 0.100000
-600.000000 450.000000 -150.000000 -0.277258 0.100000
-525.000000 450.000000 -150.000000 0.033159 0.100000
-450.000000 450.000000 -150.000000 0.090190 0.100000
-375.000000 450.000000 -150.000000 0.039800 0.100000
-300.000000 450.000000 -150.000000 0.192018 0.100000
-225.000000 450.000000 -150.000000 0.484702 0.100000
-150.000000 450.000000 -150.000000 0.663976 0.100000
-75.000000 450.000000 -150.000000 1.084119 0.100000
0.000000 450.000000 -150.000000 1.054463 0.100000
75.000000 450.000000 -150.000000 0.930144 0.100000
150.000000 450.000000 -150.000000 0.675456 0.100000
225.000000 450.000000 -150.000000 0.482315 0.100000
300.000000 450.000000 -150.000000 0.359445 0.100000
375.000000 450.000000 -150.000000 0.253389 0.100000
450.000000 450.000000 -150.000000 0.023897 0.100000
525.000000 450.000000 -150.000000 -0.104601 0.100000
600.000000 450.000000 -150.000000 -0.508678 0.100000
-600.000000 525.000000 -150.000000 -0.141967 0.100000
-525.000000 525.000000 -150.000000 0.031465 0.100000
-450.000000 525.000000 -150.000000 -0.061474 0.100000
-375.000000 525.000000 -150.000000 -0.133915 0.100000
-300.000000 525.000000 -150.000000 0.163506 0.100000
-225.000000 525.000000 -150.000000 0.242491 0.100000
-150.000000 525.000000 -150.000000 0.276855 0.100000
-75.000000 525.000000 -150.000000 0.302247 0.100000
0.000000 525.000000 -150.000000 0.568301 0.100000
75.000000 525.000000 -150.000000 0.385658 0.100000
150.000000 525.000000 -150.000000 0.337354 0.100000
225.000000 525.000000 -150.000000 0.215453 0.100000
300.000000 525.000000 -150.000000 0.064122 0.100000
375.000000 525.000000 -150.000000 0.017468 0.100000
450.000000 525.000000 -150.000000 0.053043 0.100000
525.000000 525.000000 -150.000000 -0.280234 0.100000
600.000000 525.000000 -150.000000 -0.196408 0.100000
-600.000000 600.000000 -150.000000 -0.101993 0.100000
-525.000000 600.000000 -150.000000 -0.121047 0.100000
-450.000000 600.000000 -150.000000 -0.223232 0.100000
-375.000000 600.000000 -150.000000 0.011962 0.100000
-300.000000 600.000000 -150.000000 0.006700 0.100000
-225.000000 600.000000 -150.000000 0.001856 0.100000
-150.000000 600.000000 -150.000000 0.022321 0.100000
-75.000000 600.000000 -150.000000 0.157099 0.100000
0.000000 600.000000 -150.000000 0.071413 0.100000
75.000000 600.000000 -150.000000 -0.170922 0.100000
150.000000 600.000000 -150.000000 0.014298 0.100000
225.000000 600.000000 -150.000000 0.003822 0.100000
300.000000 600.000000 -150.000000 -0.054334 0.100000
375.000000 600.000000 -150.000000 -0.256578 0.100000
450.000000 600.000000 -150.000000 -0.095846 0.100000
525.000000 600.000000 -150.000000 -0.340803 0.100000
600.000000 600.000000 -150.000000 -0.394216 0.100000
